# Compound NAD(P)H

0.0 9.47313337269
0.01 10.0874992455
0.02 9.96496686312
0.03 9.95921933941
0.04 9.98114744278
0.05 10.0058098295
0.06 10.0258396244
0.07 10.0395878219
0.08 10.0473479812
0.09 10.0498380082
0.1 10.0478843857
0.11 10.041366208
0.12 10.0337660773
0.13 10.0205140465
0.14 10.002503759
0.15 9.98105736553
0.16 9.95729057451
0.17 9.93200291555
0.18 9.90572774347
0.19 9.87880966233
0.2 9.85146959137
0.21 9.82385064417
0.22 9.79604789007
0.23 9.76812677938
0.24 9.74013425466
0.25 9.71210537713
0.26 9.68406729017
0.27 9.65604163193
0.28 9.6280460518
0.29 9.60009520617
0.3 9.57220144551
0.31 9.54437531119
0.32 9.51662590883
0.33 9.4889611964
0.34 9.46138821022
0.35 9.43391324333
0.36 9.40654198667
0.37 9.37927964028
0.38 9.35213100067
0.39 9.32510052891
0.4 9.29819240332
0.41 9.27141056015
0.42 9.24475872457
0.43 9.21824043438
0.44 9.19185905791
0.45 9.16561780766
0.46 9.13951975071
0.47 9.1135678166
0.48 9.08776480361
0.49 9.06211338362
0.5 9.0366161062
0.51 9.01127540196
0.52 8.98609358557
0.53 8.96107285851
0.54 8.93621531155
0.55 8.91152292723
0.56 8.88699758223
0.57 8.86264104971
0.58 8.83845500164
0.59 8.81444101112
0.6 8.79060055467
0.61 8.76693501457
0.62 8.74344568109
0.63 8.72013375476
0.64 8.69700034861
0.65 8.67404649039
0.66 8.65127312467
0.67 8.62868111502
0.68 8.60627124605
0.69 8.58404422548
0.7 8.56200068608
0.71 8.54014118764
0.72 8.51846621887
0.73 8.49697619922
0.74 8.47567148068
0.75 8.45455234956
0.76 8.43361902817
0.77 8.41287167654
0.78 8.39231039399
0.79 8.37193522081
0.8 8.35174613973
0.81 8.33174307753
0.82 8.31192590652
0.83 8.29229444597
0.84 8.27284846362
0.85 8.25358767707
0.86 8.2345117552
0.87 8.21562031951
0.88 8.19691294552
0.89 8.17838916408
0.9 8.16004846274
0.91 8.14189028697
0.92 8.12391404153
0.93 8.10611909172
0.94 8.08850476459
0.95 8.07107035026
0.96 8.05381510309
0.97 8.03673824293
0.98 8.01983895628
0.99 8.00311639753
