# Compound scopolin

0.0 2.64186917269
0.01 2.76683001217
0.02 2.80839442088
0.03 2.85747231961
0.04 2.91519381365
0.05 2.98379130009
0.06 3.06685782888
0.07 3.15689660189
0.08 3.27328908844
0.09 3.4060154083
0.1 3.58599607527
0.11 4.44482143181
0.12 4.30853456105
0.13 4.21040089425
0.14 4.13596957775
0.15 4.07780939134
0.16 4.03150765669
0.17 3.99414927243
0.18 3.96367015342
0.19 3.93854640813
0.2 3.91762471441
0.21 3.90001886735
0.22 3.88504120555
0.23 3.8721545272
0.24 3.86093712018
0.25 3.85105671278
0.26 3.84225074945
0.27 3.83431128009
0.28 3.82707328305
0.29 3.82040558184
0.3 3.81420374343
0.31 3.80838450403
0.32 3.80288138004
0.33 3.79764120418
0.34 3.79262138638
0.35 3.78778774476
0.36 3.78311278589
0.37 3.77857434021
0.38 3.77415447831
0.39 3.76983864982
0.4 3.76561499897
0.41 3.76147382015
0.42 3.757407125
0.43 3.7534082978
0.44 3.74947182141
0.45 3.74559305901
0.46 3.74176808049
0.47 3.73799352415
0.48 3.73426648674
0.49 3.73058443584
0.5 3.72694514009
0.51 3.72334661376
0.52 3.71978707249
0.53 3.71626489813
0.54 3.71277861067
0.55 3.70932684594
0.56 3.70590833773
0.57 3.70252190358
0.58 3.69916643341
0.59 3.69584088036
0.6 3.69254425345
0.61 3.68927561166
0.62 3.68603405914
0.63 3.68281874121
0.64 3.67962884123
0.65 3.67646357778
0.66 3.67332220253
0.67 3.6702039982
0.68 3.66710827698
0.69 3.66403437902
0.7 3.66098167118
0.71 3.65794954582
0.72 3.65493741976
0.73 3.6519447333
0.74 3.64897094928
0.75 3.6460155522
0.76 3.6430780474
0.77 3.64015796029
0.78 3.63725483554
0.79 3.63436823636
0.8 3.63149774379
0.81 3.628642956
0.82 3.62580348762
0.83 3.62297896908
0.84 3.62016904599
0.85 3.61737337849
0.86 3.6145916407
0.87 3.6118235201
0.88 3.609068717
0.89 3.60632694396
0.9 3.6035979253
0.91 3.60088139658
0.92 3.59817710411
0.93 3.59548480448
0.94 3.59280426408
0.95 3.59013525872
0.96 3.58747757317
0.97 3.58483100074
0.98 3.58219534294
0.99 3.57957040908
