# Compound 1-hydroxy-2-(beta-D-glucosyloxy)-9,10-anthraquinone

0.0 3.12482593613
0.01 4.04887292741
0.02 4.4259633464
0.03 4.83481905869
0.04 5.271436747
0.05 5.73221853917
0.06 6.21318433977
0.07 6.67435180205
0.08 7.145534521
0.09 7.58044257677
0.1 7.99461013779
0.11 8.74375340811
0.12 8.78449824287
0.13 8.81694635735
0.14 8.840354213
0.15 8.85647562438
0.16 8.86727330154
0.17 8.8743503311
0.18 8.8788867202
0.19 8.88171023496
0.2 8.88338670381
0.21 8.8842971824
0.22 8.88469610713
0.23 8.88475263293
0.24 8.88457908263
0.25 8.884250145
0.26 8.88381566853
0.27 8.88330911898
0.28 8.88275314295
0.29 8.88216321845
0.3 8.88155004886
0.31 8.88092113438
0.32 8.88028180645
0.33 8.87963591145
0.34 8.87898626527
0.35 8.87833495775
0.36 8.87768355853
0.37 8.87703325774
0.38 8.87638496356
0.39 8.87573937081
0.4 8.87509701011
0.41 8.87445828368
0.42 8.87382349208
0.43 8.87319285442
0.44 8.87256652409
0.45 8.87194460107
0.46 8.87132714188
0.47 8.87071416759
0.48 8.87010567039
0.49 8.86950161912
0.5 8.86890196376
0.51 8.86830663922
0.52 8.8677155686
0.53 8.8671286658
0.54 8.86654583779
0.55 8.8659669865
0.56 8.8653920104
0.57 8.86482080579
0.58 8.86425326789
0.59 8.86368929177
0.6 8.86312877305
0.61 8.86257160852
0.62 8.86201769662
0.63 8.86146693779
0.64 8.86091923482
0.65 8.86037449304
0.66 8.8598326205
0.67 8.8592935281
0.68 8.85875712964
0.69 8.8582233419
0.7 8.8576920846
0.71 8.85716328046
0.72 8.8566368551
0.73 8.85611273705
0.74 8.85559085767
0.75 8.85507115108
0.76 8.85455355413
0.77 8.85403800624
0.78 8.85352444939
0.79 8.85301282801
0.8 8.8525030889
0.81 8.85199518111
0.82 8.8514890559
0.83 8.85098466664
0.84 8.85048196868
0.85 8.84998091934
0.86 8.84948147777
0.87 8.8489836049
0.88 8.84848726336
0.89 8.84799241737
0.9 8.84749903273
0.91 8.84700707669
0.92 8.84651651793
0.93 8.84602732644
0.94 8.84553947353
0.95 8.8450529317
0.96 8.84456767464
0.97 8.84408367712
0.98 8.84360091499
0.99 8.84311936509
