# Compound 2-hydroxy-2-methylpropanenitrile

0.0 4.96121293373
0.01 4.72868573788
0.02 4.64634027861
0.03 4.54960053659
0.04 4.43631547922
0.05 4.30215615204
0.06 4.13988422154
0.07 3.9650920684
0.08 3.73665577631
0.09 3.47537240034
0.1 3.10936788617
0.11 0.888104039933
0.12 1.56820743041
0.13 2.04256525855
0.14 2.38508535079
0.15 2.63718716809
0.16 2.82494952358
0.17 2.96599129426
0.18 3.07270607347
0.19 3.15401475278
0.2 3.21642676717
0.21 3.26473319796
0.22 3.30248125097
0.23 3.33230846931
0.24 3.35618236903
0.25 3.37557430179
0.26 3.39158666819
0.27 3.4050466024
0.28 3.41657532364
0.29 3.42663969393
0.3 3.43559068296
0.31 3.4436921487
0.32 3.4511424229
0.33 3.45809053056
0.34 3.46464839489
0.35 3.47090003059
0.36 3.47690847305
0.37 3.48272100258
0.38 3.48837308278
0.39 3.49389132853
0.4 3.49929574107
0.41 3.50460138934
0.42 3.50981967312
0.43 3.51495927028
0.44 3.52002684567
0.45 3.52502758037
0.46 3.52996556544
0.47 3.53484409407
0.48 3.5396658773
0.49 3.54443320256
0.5 3.54914804952
0.51 3.55381217425
0.52 3.55842716972
0.53 3.56299450906
0.54 3.56751557592
0.55 3.57199168568
0.56 3.57642409991
0.57 3.58081403594
0.58 3.58516267316
0.59 3.58947115688
0.6 3.59374060063
0.61 3.59797208732
0.62 3.60216666988
0.63 3.60632537135
0.64 3.61044918483
0.65 3.61453907342
0.66 3.61859597002
0.67 3.62262077737
0.68 3.62661436801
0.69 3.6305775845
0.7 3.63451123962
0.71 3.6384161168
0.72 3.6422929705
0.73 3.64614252684
0.74 3.64996548419
0.75 3.65376251383
0.76 3.65753426076
0.77 3.66128134442
0.78 3.66500435952
0.79 3.6687038769
0.8 3.67238044431
0.81 3.67603458732
0.82 3.67966681015
0.83 3.6832775965
0.84 3.68686741039
0.85 3.69043669696
0.86 3.69398588331
0.87 3.69751537923
0.88 3.70102557799
0.89 3.70451685708
0.9 3.70798957887
0.91 3.71144409137
0.92 3.71488072881
0.93 3.71829981234
0.94 3.72170165061
0.95 3.72508654033
0.96 3.7284547669
0.97 3.73180660485
0.98 3.73514231844
0.99 3.73846216207
