# Compound CDP-4-dehydro-6-deoxy-D-glucose

0.0 1.60892263132
0.01 2.39685050681
0.02 2.43906464694
0.03 2.57943082115
0.04 2.73683798799
0.05 2.8898147437
0.06 3.03299111051
0.07 3.16597832622
0.08 3.28989804937
0.09 3.40604341618
0.1 3.51564045126
0.11 3.61885712178
0.12 3.7193389878
0.13 3.81287064394
0.14 3.90022001945
0.15 3.98263703027
0.16 4.06122591374
0.17 4.13681833394
0.18 4.21000452247
0.19 4.28119663078
0.2 4.350684959
0.21 4.41867896364
0.22 4.48533472243
0.23 4.5507725739
0.24 4.61508825134
0.25 4.67835991728
0.26 4.74065268313
0.27 4.80202160323
0.28 4.86251374045
0.29 4.92216965679
0.3 4.98102453625
0.31 5.03910906209
0.32 5.09645012149
0.33 5.15307138295
0.34 5.20899377548
0.35 5.26423588991
0.36 5.31881431663
0.37 5.37274393116
0.38 5.4260381361
0.39 5.47870906679
0.4 5.53076776653
0.41 5.58222433615
0.42 5.63308806222
0.43 5.68336752698
0.44 5.73307070317
0.45 5.78220503576
0.46 5.83077751282
0.47 5.87879472703
0.48 5.9262629291
0.49 5.9731880745
0.5 6.01957586408
0.51 6.0654317798
0.52 6.11076111578
0.53 6.15556900566
0.54 6.19986044647
0.55 6.24364031949
0.56 6.28691340859
0.57 6.3296844161
0.58 6.37195797674
0.59 6.41373866962
0.6 6.45503102865
0.61 6.49583955154
0.62 6.53616870744
0.63 6.57602294343
0.64 6.61540669003
0.65 6.65432436574
0.66 6.6927803808
0.67 6.73077914023
0.68 6.76832504614
0.69 6.80542249959
0.7 6.84207590187
0.71 6.87828965533
0.72 6.91406816386
0.73 6.94941583298
0.74 6.98433706971
0.75 7.01883628204
0.76 7.05291787836
0.77 7.08658626654
0.78 7.11984585297
0.79 7.15270104138
0.8 7.1851562316
0.81 7.21721581825
0.82 7.2488841893
0.83 7.28016572462
0.84 7.31106479453
0.85 7.34158575826
0.86 7.37173296244
0.87 7.40151073959
0.88 7.43092340664
0.89 7.4599752634
0.9 7.48867059117
0.91 7.51701365128
0.92 7.54500868373
0.93 7.57265990586
0.94 7.59997151103
0.95 7.62694766743
0.96 7.65359251685
0.97 7.6799101736
0.98 7.70590472337
0.99 7.73158022229
