# Compound S-adenosyl-L-homocysteine

0.0 0.413691344597
0.01 0.437483590865
0.02 0.460195145043
0.03 0.481872795709
0.04 0.502561515584
0.05 0.52230451248
0.06 0.541143280781
0.07 0.559117653167
0.08 0.576265852402
0.09 0.592624542938
0.1 0.608228882204
0.11 0.623112571386
0.12 0.637307905592
0.13 0.650845823271
0.14 0.663755954789
0.15 0.676066670076
0.16 0.687805125277
0.17 0.698997308345
0.18 0.709668083527
0.19 0.719841234711
0.2 0.729539507595
0.21 0.738784650671
0.22 0.747597455
0.23 0.75599779278
0.24 0.764004654691
0.25 0.771636186042
0.26 0.778909721709
0.27 0.785841819886
0.28 0.79244829466
0.29 0.798744247434
0.3 0.804744097206
0.31 0.810461609743
0.32 0.815909925656
0.33 0.821101587419
0.34 0.826048565343
0.35 0.830762282543
0.36 0.835253638924
0.37 0.839533034205
0.38 0.843610390024
0.39 0.847495171147
0.4 0.8511964058
0.41 0.854722705171
0.42 0.858082282096
0.43 0.86128296896
0.44 0.864332234849
0.45 0.867237201966
0.46 0.870004661348
0.47 0.872641087912
0.48 0.875152654845
0.49 0.877545247369
0.5 0.879824475912
0.51 0.881995688695
0.52 0.884063983765
0.53 0.886034220502
0.54 0.887911030609
0.55 0.889698828615
0.56 0.891401821914
0.57 0.893024020342
0.58 0.894569245335
0.59 0.89604113867
0.6 0.897443170808
0.61 0.898778648863
0.62 0.900050724209
0.63 0.901262399734
0.64 0.902416536773
0.65 0.903515861716
0.66 0.904562972315
0.67 0.905560343705
0.68 0.906510334145
0.69 0.907415190492
0.7 0.908277053427
0.71 0.909097962441
0.72 0.909879860579
0.73 0.910624598982
0.74 0.911333941201
0.75 0.912009567319
0.76 0.912653077885
0.77 0.913265997653
0.78 0.913849779158
0.79 0.914405806122
0.8 0.914935396694
0.81 0.91543980655
0.82 0.915920231839
0.83 0.916377811995
0.84 0.916813632417
0.85 0.917228727019
0.86 0.917624080672
0.87 0.918000631513
0.88 0.918359273165
0.89 0.918700856837
0.9 0.919026193334
0.91 0.91933605497
0.92 0.919631177392
0.93 0.919912261313
0.94 0.920179974172
0.95 0.920434951705
0.96 0.920677799454
0.97 0.920909094195
0.98 0.921129385302
0.99 0.921339196046
