# Compound sucrose

0.0 9.49103116137
0.01 9.65804603435
0.02 9.69728845214
0.03 9.69820654244
0.04 9.68823041592
0.05 9.67699136554
0.06 9.67306370135
0.07 9.66571555442
0.08 9.69306739034
0.09 9.73949798998
0.1 9.88083554697
0.11 12.2767718142
0.12 11.4605527627
0.13 10.8093745797
0.14 10.2703198953
0.15 9.81444741152
0.16 9.42341510663
0.17 9.08437094216
0.18 8.78774257295
0.19 8.52614225769
0.2 8.2937456003
0.21 8.08589674745
0.22 7.89883638179
0.23 7.72950436699
0.24 7.57539193414
0.25 7.43442876306
0.26 7.30489559291
0.27 7.18535596347
0.28 7.07460251785
0.29 6.97161450848
0.3 6.87552399206
0.31 6.78558880603
0.32 6.70117086599
0.33 6.62171865799
0.34 6.54675305193
0.35 6.47585575489
0.36 6.4086598712
0.37 6.34484214999
0.38 6.28411658943
0.39 6.22622913582
0.4 6.1709532696
0.41 6.11808631242
0.42 6.06744632295
0.43 6.01886947509
0.44 5.9722078331
0.45 5.92732745492
0.46 5.88410676752
0.47 5.84243516925
0.48 5.80221182202
0.49 5.76334460313
0.5 5.72574919203
0.51 5.6893482713
0.52 5.65407082523
0.53 5.61985152171
0.54 5.58663016578
0.55 5.554351215
0.56 5.52296334848
0.57 5.49241908241
0.58 5.46267442636
0.59 5.43368857515
0.6 5.40542363214
0.61 5.37784436008
0.62 5.35091795651
0.63 5.32461385076
0.64 5.29890352029
0.65 5.27376032426
0.66 5.24915935242
0.67 5.22507728783
0.68 5.20149228192
0.69 5.17838384067
0.7 5.1557327208
0.71 5.13352083502
0.72 5.11173116539
0.73 5.09034768414
0.74 5.06935528109
0.75 5.04873969722
0.76 5.02848746368
0.77 5.0085858459
0.78 4.98902279212
0.79 4.96978688623
0.8 4.95086730425
0.81 4.93225377432
0.82 4.91393653988
0.83 4.89590632565
0.84 4.87815430628
0.85 4.86067207742
0.86 4.84345162893
0.87 4.8264853202
0.88 4.80976585724
0.89 4.7932862715
0.9 4.77703990024
0.91 4.76102036834
0.92 4.74522157141
0.93 4.7296376601
0.94 4.71426302555
0.95 4.6990922858
0.96 4.68412027324
0.97 4.66934202282
0.98 4.65475276113
0.99 4.64034789617
