# Compound reducedacceptor

0.0 8.23962118375
0.01 8.0785462065
0.02 7.97990076298
0.03 7.81411781485
0.04 7.66656020107
0.05 7.54536130394
0.06 7.44825243763
0.07 7.37083337381
0.08 7.30862688504
0.09 7.25881460512
0.1 7.21776137446
0.11 7.19015090548
0.12 7.16519980908
0.13 7.123953247
0.14 7.07588681835
0.15 7.02629349317
0.16 6.977937669
0.17 6.93214802655
0.18 6.88946948941
0.19 6.85003464103
0.2 6.81376940955
0.21 6.78050420688
0.22 6.75003232502
0.23 6.72213948435
0.24 6.69661794244
0.25 6.67327255888
0.26 6.65192281892
0.27 6.63240293287
0.28 6.61456109841
0.29 6.59825846205
0.3 6.58336802893
0.31 6.56977362535
0.32 6.55736894926
0.33 6.54605671285
0.34 6.53574786964
0.35 6.52636091541
0.36 6.51782125248
0.37 6.51006060904
0.38 6.50301650649
0.39 6.49663176987
0.4 6.49085407699
0.41 6.48563554335
0.42 6.48093233988
0.43 6.47670434134
0.44 6.47291480325
0.45 6.4695300654
0.46 6.4665192801
0.47 6.46385416353
0.48 6.46150876839
0.49 6.45945927643
0.5 6.45768380914
0.51 6.45616225539
0.52 6.4548761145
0.53 6.45380835348
0.54 6.45294327733
0.55 6.4522664112
0.56 6.45176439335
0.57 6.45142487808
0.58 6.45123644753
0.59 6.45118853176
0.6 6.45127133619
0.61 6.45147577578
0.62 6.45179341534
0.63 6.45221641532
0.64 6.45273748264
0.65 6.45334982607
0.66 6.45404711566
0.67 6.45482344587
0.68 6.45567330216
0.69 6.45659153045
0.7 6.45757330942
0.71 6.4586141253
0.72 6.45970974881
0.73 6.4608562142
0.74 6.46204980008
0.75 6.46328701191
0.76 6.46456456601
0.77 6.46587937487
0.78 6.46722853374
0.79 6.46860930829
0.8 6.47001912332
0.81 6.47145555231
0.82 6.47291630785
0.83 6.47439923284
0.84 6.4759022923
0.85 6.47742356584
0.86 6.47896124073
0.87 6.48051360542
0.88 6.48207904354
0.89 6.48365602838
0.9 6.48524311768
0.91 6.48683894886
0.92 6.48844223451
0.93 6.49005175821
0.94 6.49166637065
0.95 6.49328498593
0.96 6.49490657817
0.97 6.4965301783
0.98 6.49815487104
0.99 6.49977979207
