# Compound choline

0.0 4.31030186603
0.01 4.2730256807
0.02 4.23668120954
0.03 4.19446868333
0.04 4.15151690439
0.05 4.10883433054
0.06 4.06672812632
0.07 4.02528195358
0.08 3.98449729032
0.09 3.94439613804
0.1 3.90492863452
0.11 3.86640879515
0.12 3.82836376201
0.13 3.79008760961
0.14 3.75210549971
0.15 3.71471682413
0.16 3.67808115398
0.17 3.64227582642
0.18 3.60733097372
0.19 3.5732500215
0.2 3.54002148247
0.21 3.50762569447
0.22 3.47603866515
0.23 3.44523427398
0.24 3.41518554435
0.25 3.3858653886
0.26 3.357247052
0.27 3.329304382
0.28 3.30201199343
0.29 3.2753453694
0.3 3.24928092082
0.31 3.22379601786
0.32 3.19886900169
0.33 3.17447918187
0.34 3.15060682317
0.35 3.12723312447
0.36 3.10434019194
0.37 3.08191100794
0.38 3.05992939718
0.39 3.03837999094
0.4 3.01724819039
0.41 2.9965201295
0.42 2.97618263821
0.43 2.9562232061
0.44 2.93662994702
0.45 2.91739156478
0.46 2.89849732013
0.47 2.87993699914
0.48 2.86170088293
0.49 2.843779719
0.5 2.82616469391
0.51 2.80884740753
0.52 2.79181984862
0.53 2.7750743719
0.54 2.75860367641
0.55 2.74240078516
0.56 2.72645902605
0.57 2.7107720139
0.58 2.69533363368
0.59 2.68013802473
0.6 2.66517956598
0.61 2.65045286215
0.62 2.63595273081
0.63 2.62167419021
0.64 2.60761244803
0.65 2.59376289069
0.66 2.58012107348
0.67 2.56668271127
0.68 2.55344366979
0.69 2.54039995752
0.7 2.5275477181
0.71 2.51488322316
0.72 2.50240286572
0.73 2.4901031539
0.74 2.47798070507
0.75 2.46603224041
0.76 2.45425457977
0.77 2.4426446368
0.78 2.43119941454
0.79 2.41991600109
0.8 2.4087915657
0.81 2.39782335503
0.82 2.38700868961
0.83 2.37634496062
0.84 2.36582962672
0.85 2.3554602112
0.86 2.34523429921
0.87 2.33514953519
0.88 2.32520362043
0.89 2.31539431083
0.9 2.30571941468
0.91 2.29617679065
0.92 2.28676434589
0.93 2.27748003418
0.94 2.26832185423
0.95 2.25928784805
0.96 2.25037609941
0.97 2.24158473243
0.98 2.23291191013
0.99 2.22435583316
