# Compound GDP

0.0 9.54247292566
0.01 10.2536759156
0.02 10.1665269378
0.03 10.2114572552
0.04 10.2762960223
0.05 10.3339153822
0.06 10.3759287542
0.07 10.4004214846
0.08 10.4076840035
0.09 10.3973389283
0.1 10.3698138688
0.11 10.3120263474
0.12 10.2310676027
0.13 10.1670513603
0.14 10.1114328276
0.15 10.0607718723
0.16 10.013700616
0.17 9.96964404935
0.18 9.92830360305
0.19 9.88946281962
0.2 9.8529231981
0.21 9.81848892281
0.22 9.78596750937
0.23 9.75517394727
0.24 9.72593428434
0.25 9.69808776586
0.26 9.67148768374
0.27 9.64600132439
0.28 9.6215093683
0.29 9.59790499703
0.3 9.57509287316
0.31 9.55298809293
0.32 9.53151516765
0.33 9.51060706307
0.34 9.49020431013
0.35 9.47025419137
0.36 9.45071000248
0.37 9.43153038561
0.38 9.41267873017
0.39 9.39412263595
0.4 9.37583343349
0.41 9.35778575655
0.42 9.33995716187
0.43 9.3223277916
0.44 9.30488007407
0.45 9.28759845893
0.46 9.27046918297
0.47 9.25348006335
0.48 9.23662031502
0.49 9.21988038983
0.5 9.20325183455
0.51 9.18672716587
0.52 9.17029976016
0.53 9.15396375635
0.54 9.13771397033
0.55 9.12154581949
0.56 9.10545525608
0.57 9.08943870852
0.58 9.0734930294
0.59 9.05761544962
0.6 9.0418035378
0.61 9.02605516424
0.62 9.01036846907
0.63 8.99474183387
0.64 8.97917385649
0.65 8.96366332863
0.66 8.9482092158
0.67 8.9328106395
0.68 8.91746686121
0.69 8.90217726808
0.7 8.88694136008
0.71 8.87175873849
0.72 8.85662909546
0.73 8.84155220466
0.74 8.82652791281
0.75 8.81155613204
0.76 8.79663683295
0.77 8.78177003829
0.78 8.76695581728
0.79 8.75219428036
0.8 8.73748557451
0.81 8.72282987887
0.82 8.70822740081
0.83 8.69367837233
0.84 8.67918304676
0.85 8.6647416957
0.86 8.65035460628
0.87 8.63602207859
0.88 8.62174442338
0.89 8.60752195988
0.9 8.59335501386
0.91 8.57924391583
0.92 8.56518899935
0.93 8.55119059953
0.94 8.53724905163
0.95 8.52336468978
0.96 8.50953784583
0.97 8.49576884824
0.98 8.4820580211
0.99 8.46840568326
