# Compound Oligoglycosylglucosylceramide

0.0 8.98081058551
0.01 8.03178773332
0.02 8.14732147769
0.03 8.12115943945
0.04 8.05920580347
0.05 7.99659260923
0.06 7.94312413892
0.07 7.90055368032
0.08 7.86790035109
0.09 7.84367872502
0.1 7.82633433745
0.11 7.81623524206
0.12 7.80655329843
0.13 7.80644096783
0.14 7.81484667406
0.15 7.82950838772
0.16 7.84833396599
0.17 7.86973543022
0.18 7.89260282348
0.19 7.91618957123
0.2 7.94000179993
0.21 7.96371452429
0.22 7.98711411817
0.23 8.01006061889
0.24 8.03246349279
0.25 8.05426606132
0.26 8.07543535258
0.27 8.09595532338
0.28 8.11582218921
0.29 8.1350410997
0.3 8.15362370005
0.31 8.17158629956
0.32 8.18894847289
0.33 8.20573198197
0.34 8.22195994215
0.35 8.23765617882
0.36 8.25284473433
0.37 8.26754949424
0.38 8.28179390869
0.39 8.29560078932
0.4 8.30899216607
0.41 8.32198919098
0.42 8.33461207883
0.43 8.34688007616
0.44 8.35881145198
0.45 8.37042350491
0.46 8.38173258235
0.47 8.39275410834
0.48 8.40350261752
0.49 8.41399179301
0.5 8.42423450672
0.51 8.43424286077
0.52 8.44402822914
0.53 8.45360129886
0.54 8.46297211026
0.55 8.47215009583
0.56 8.48114411758
0.57 8.48996250266
0.58 8.49861307716
0.59 8.50710319812
0.6 8.51543978363
0.61 8.52362934123
0.62 8.53167799447
0.63 8.53959150782
0.64 8.54737531001
0.65 8.55503451578
0.66 8.56257394623
0.67 8.56999814777
0.68 8.57731140987
0.69 8.58451778152
0.7 8.59162108662
0.71 8.59862493835
0.72 8.60553275252
0.73 8.61234776003
0.74 8.61907301851
0.75 8.62571142314
0.76 8.63226571678
0.77 8.63873849939
0.78 8.64513223685
0.79 8.65144926918
0.8 8.6576918182
0.81 8.66386199473
0.82 8.66996180528
0.83 8.67599315832
0.84 8.68195787015
0.85 8.68785767039
0.86 8.69369420709
0.87 8.69946905158
0.88 8.70518370293
0.89 8.71083959217
0.9 8.71643808627
0.91 8.72198049184
0.92 8.72746805856
0.93 8.73290198249
0.94 8.73828340911
0.95 8.74361343616
0.96 8.74889311636
0.97 8.75412345992
0.98 8.75930543693
0.99 8.76443997956
