# Compound vitexin2''-O-beta-D-glucoside

0.0 8.74468606362
0.01 8.86490426495
0.02 8.67828152542
0.03 8.48105480559
0.04 8.27501856418
0.05 8.06916596537
0.06 7.87962543647
0.07 7.68135745974
0.08 7.57061869487
0.09 7.51198315821
0.1 7.70683028887
0.11 2.61002847616
0.12 2.50394215364
0.13 2.4743187593
0.14 2.47631370276
0.15 2.49123489413
0.16 2.51045352775
0.17 2.5297846584
0.18 2.54722562114
0.19 2.56192060613
0.2 2.5736323032
0.21 2.58245137275
0.22 2.58863046385
0.23 2.59248873723
0.24 2.594358051
0.25 2.59455414099
0.26 2.59336272022
0.27 2.5910342949
0.28 2.58778387521
0.29 2.5837932513
0.3 2.57921444431
0.31 2.57417352818
0.32 2.56877438006
0.33 2.56310213561
0.34 2.55722625453
0.35 2.55120317466
0.36 2.54507857227
0.37 2.53888926472
0.38 2.53266479905
0.39 2.52642877043
0.4 2.52019991156
0.41 2.51399299013
0.42 2.50781954622
0.43 2.50168849717
0.44 2.49560663308
0.45 2.48957902227
0.46 2.48360934275
0.47 2.47770015306
0.48 2.47185311333
0.49 2.46606916569
0.5 2.46034868132
0.51 2.45469158025
0.52 2.44909742887
0.53 2.44356551922
0.54 2.43809493329
0.55 2.43268459527
0.56 2.42733331368
0.57 2.42203981546
0.58 2.41680277334
0.59 2.41162082779
0.6 2.40649260455
0.61 2.40141672845
0.62 2.39639183437
0.63 2.39141657571
0.64 2.38648963091
0.65 2.38160970841
0.66 2.37677555024
0.67 2.37198593463
0.68 2.36723967774
0.69 2.36253563466
0.7 2.35787269997
0.71 2.35324980775
0.72 2.34866593134
0.73 2.34412008275
0.74 2.33961131192
0.75 2.3351387058
0.76 2.3307013873
0.77 2.3262985142
0.78 2.32192927792
0.79 2.31759290234
0.8 2.31328864259
0.81 2.30901578376
0.82 2.3047736397
0.83 2.30056155181
0.84 2.29637888787
0.85 2.29222504084
0.86 2.28809942773
0.87 2.28400148857
0.88 2.2799306853
0.89 2.27588650075
0.9 2.27186843771
0.91 2.26787601794
0.92 2.26390878133
0.93 2.259966285
0.94 2.25604810246
0.95 2.25215382291
0.96 2.24828305041
0.97 2.24443540323
0.98 2.24061051311
0.99 2.2368080247
