# Compound 2-deoxy-D-glucose

0.0 2.69986380817
0.01 3.02500688414
0.02 2.91319925727
0.03 2.85879737114
0.04 2.83021960211
0.05 2.81064538099
0.06 2.79414674078
0.07 2.77854322751
0.08 2.76315149456
0.09 2.74768576002
0.1 2.73209105346
0.11 2.71532507329
0.12 2.7010508505
0.13 2.68451855421
0.14 2.6655819938
0.15 2.64499919378
0.16 2.62358863694
0.17 2.60198718701
0.18 2.58062800028
0.19 2.55978213171
0.2 2.53960718173
0.21 2.52018640372
0.22 2.50155618403
0.23 2.48372409563
0.24 2.4666803232
0.25 2.45040474764
0.26 2.43487130199
0.27 2.4200506517
0.28 2.40591185767
0.29 2.39242342248
0.3 2.37955395941
0.31 2.36727262633
0.32 2.35554940958
0.33 2.34435530835
0.34 2.33366245147
0.35 2.32344416619
0.36 2.31367501249
0.37 2.30433079198
0.38 2.29538853806
0.39 2.28682649225
0.4 2.27862407052
0.41 2.27076182258
0.42 2.26322138633
0.43 2.25598543942
0.44 2.24903764921
0.45 2.24236262225
0.46 2.2359458541
0.47 2.22977368014
0.48 2.22383322774
0.49 2.21811237021
0.5 2.21259968267
0.51 2.20728439996
0.52 2.20215637674
0.53 2.19720604972
0.54 2.19242440201
0.55 2.18780292954
0.56 2.18333360962
0.57 2.17900887123
0.58 2.17482156742
0.59 2.17076494921
0.6 2.16683264141
0.61 2.16301861978
0.62 2.15931718985
0.63 2.15572296701
0.64 2.15223085794
0.65 2.14883604327
0.66 2.14553396129
0.67 2.14232029286
0.68 2.13919094714
0.69 2.13614204835
0.7 2.13316992334
0.71 2.13027108999
0.72 2.12744224625
0.73 2.12468026
0.74 2.1219821595
0.75 2.11934512435
0.76 2.11676647716
0.77 2.11424367562
0.78 2.1117743051
0.79 2.10935607166
0.8 2.10698679555
0.81 2.10466440504
0.82 2.10238693061
0.83 2.10015249953
0.84 2.09795933073
0.85 2.09580572991
0.86 2.09369008508
0.87 2.09161086216
0.88 2.089566601
0.89 2.08755591152
0.9 2.08557747012
0.91 2.08363001621
0.92 2.08171234907
0.93 2.07982332473
0.94 2.07796185313
0.95 2.07612689537
0.96 2.07431746114
0.97 2.07253260626
0.98 2.07077143041
0.99 2.06903307488
