# Compound NADPH

0.0 4.3671369535
0.01 4.47632357522
0.02 4.61305845868
0.03 4.62398777832
0.04 4.61462775288
0.05 4.6036822496
0.06 4.59582120699
0.07 4.59151625838
0.08 4.58982369121
0.09 4.59088619175
0.1 4.59338248417
0.11 4.66126589086
0.12 4.6474840665
0.13 4.61780187608
0.14 4.58216901105
0.15 4.54572480432
0.16 4.51094732362
0.17 4.478899441
0.18 4.44991575363
0.19 4.42397201132
0.2 4.40088006205
0.21 4.38038839198
0.22 4.36223220845
0.23 4.34615696039
0.24 4.33192817754
0.25 4.31933449305
0.26 4.30818744653
0.27 4.29831990719
0.28 4.28958402532
0.29 4.28184913603
0.3 4.27499979503
0.31 4.26893400769
0.32 4.2635616588
0.33 4.25880312861
0.34 4.25458807414
0.35 4.25085435453
0.36 4.24754708153
0.37 4.24461777894
0.38 4.24202363763
0.39 4.2397268548
0.4 4.23769404781
0.41 4.23589573443
0.42 4.23430587226
0.43 4.23290145096
0.44 4.23166213156
0.45 4.23056992789
0.46 4.22960892541
0.47 4.22876503334
0.48 4.22802576642
0.49 4.22738005283
0.5 4.22681806539
0.51 4.22633107326
0.52 4.22591131161
0.53 4.22555186742
0.54 4.2252465791
0.55 4.22498994859
0.56 4.22477706409
0.57 4.22460353244
0.58 4.22446541968
0.59 4.22435919891
0.6 4.22428170452
0.61 4.22423009197
0.62 4.22420180244
0.63 4.22419453172
0.64 4.22420620286
0.65 4.22423494195
0.66 4.22427905692
0.67 4.22433701869
0.68 4.2244074445
0.69 4.22448908323
0.7 4.22458080233
0.71 4.22468157615
0.72 4.22479047571
0.73 4.22490665942
0.74 4.22502936492
0.75 4.22515790169
0.76 4.22529164451
0.77 4.22543002756
0.78 4.22557253908
0.79 4.22571871661
0.8 4.22586814267
0.81 4.22602044089
0.82 4.22617527241
0.83 4.22633233274
0.84 4.22649134883
0.85 4.22665207638
0.86 4.22681429748
0.87 4.22697781835
0.88 4.22714246734
0.89 4.22730809309
0.9 4.22747456278
0.91 4.22764176065
0.92 4.22780958647
0.93 4.2279779543
0.94 4.22814679121
0.95 4.22831603621
0.96 4.22848563915
0.97 4.22865555983
0.98 4.22882576706
0.99 4.22899623785
