# Compound UMP

0.0 8.16364807003
0.01 8.64594198651
0.02 8.83739223427
0.03 9.04929294795
0.04 9.28066559608
0.05 9.53099542663
0.06 9.79987002709
0.07 10.0646165165
0.08 10.3455794038
0.09 10.6148989195
0.1 10.8832829696
0.11 11.3536429555
0.12 11.4105268859
0.13 11.4507153139
0.14 11.4779465943
0.15 11.495948209
0.16 11.5075835859
0.17 11.5148904532
0.18 11.5192758594
0.19 11.5216982193
0.2 11.5228060826
0.21 11.5230369293
0.22 11.5226854597
0.23 11.521950121
0.24 11.5209645686
0.25 11.5198188539
0.26 11.5185736666
0.27 11.517269902
0.28 11.5159350897
0.29 11.5145877174
0.3 11.5132401436
0.31 11.5119005631
0.32 11.5105743368
0.33 11.5092648936
0.34 11.5079743432
0.35 11.5067038945
0.36 11.5054541418
0.37 11.5042252608
0.38 11.5030171442
0.39 11.5018294944
0.4 11.5006618888
0.41 11.4995138244
0.42 11.4983847487
0.43 11.4972740822
0.44 11.4961812329
0.45 11.4951056075
0.46 11.4940466182
0.47 11.4930036881
0.48 11.4919762542
0.49 11.4909637704
0.5 11.489965708
0.51 11.4889815573
0.52 11.4880108274
0.53 11.4870530468
0.54 11.4861077626
0.55 11.485174541
0.56 11.4842529663
0.57 11.4833426404
0.58 11.4824431825
0.59 11.4815542286
0.6 11.4806754304
0.61 11.4798064551
0.62 11.4789469847
0.63 11.4780967153
0.64 11.4772553565
0.65 11.4764226312
0.66 11.4755982741
0.67 11.4747820324
0.68 11.473973664
0.69 11.4731729381
0.7 11.472379634
0.71 11.4715935407
0.72 11.4708144569
0.73 11.47004219
0.74 11.469276556
0.75 11.4685173791
0.76 11.4677644912
0.77 11.4670177317
0.78 11.4662769469
0.79 11.46554199
0.8 11.4648127205
0.81 11.4640890041
0.82 11.4633707123
0.83 11.4626577221
0.84 11.461949916
0.85 11.4612471814
0.86 11.4605494104
0.87 11.4598565001
0.88 11.4591683515
0.89 11.4584848702
0.9 11.4578059655
0.91 11.4571315505
0.92 11.4564615421
0.93 11.4557958606
0.94 11.4551344294
0.95 11.4544771753
0.96 11.4538240278
0.97 11.4531749194
0.98 11.4525297853
0.99 11.4518885633
