# Compound polyprenylphosphate-glucose

0.0 4.02844427454
0.01 4.06674733037
0.02 3.98795049994
0.03 3.9029808694
0.04 3.81189763912
0.05 3.71731410644
0.06 3.62420988441
0.07 3.5231380534
0.08 3.44720237752
0.09 3.38309174652
0.1 3.40159748416
0.11 6.47857656199
0.12 5.10999521094
0.13 4.13236518903
0.14 3.40670896268
0.15 2.85711276583
0.16 2.43580868382
0.17 2.11021322581
0.18 1.85706266603
0.19 1.65928927654
0.2 1.50414932227
0.21 1.38201058973
0.22 1.28552669623
0.23 1.20905565992
0.24 1.14824070079
0.25 1.09970266559
0.26 1.06081127449
0.27 1.02951314616
0.28 1.00420137436
0.29 0.983615906241
0.3 0.96676699707
0.31 0.952876107005
0.32 0.941330079131
0.33 0.931645493424
0.34 0.923440858136
0.35 0.916414863977
0.36 0.910329345602
0.37 0.90499590924
0.38 0.900265423021
0.39 0.896019747489
0.4 0.892165222383
0.41 0.888627532394
0.42 0.885347657091
0.43 0.882278674149
0.44 0.87938323479
0.45 0.876631569211
0.46 0.873999910134
0.47 0.871469246392
0.48 0.869024337197
0.49 0.866652932326
0.5 0.864345155093
0.51 0.862093013992
0.52 0.859890016104
0.53 0.85773086099
0.54 0.855611198264
0.55 0.853527435537
0.56 0.851476586234
0.57 0.849456148962
0.58 0.847464011845
0.59 0.84549837663
0.6 0.843557698429
0.61 0.841640637862
0.62 0.839746022991
0.63 0.837872819023
0.64 0.836020104167
0.65 0.834187050345
0.66 0.832372907772
0.67 0.830576992588
0.68 0.828798676902
0.69 0.827037380773
0.7 0.825292565696
0.71 0.823563729312
0.72 0.821850401069
0.73 0.820152138653
0.74 0.818468525026
0.75 0.816799165953
0.76 0.815143687917
0.77 0.813501736347
0.78 0.811872974096
0.79 0.81025708013
0.8 0.808653748372
0.81 0.807062686692
0.82 0.805483616002
0.83 0.803916269449
0.84 0.802360391675
0.85 0.80081573816
0.86 0.799282074602
0.87 0.797759176359
0.88 0.796246827926
0.89 0.794744822447
0.9 0.793252961268
0.91 0.791771053508
0.92 0.790298915666
0.93 0.788836371245
0.94 0.787383250399
0.95 0.785939389608
0.96 0.784504631356
0.97 0.783078823841
0.98 0.781661820696
0.99 0.780253480721
