# Compound 1-O,6-O-digalloyl-beta-D-glucose

0.0 0.481090882355
0.01 0.465724509534
0.02 0.448939412105
0.03 0.437529636838
0.04 0.427482339404
0.05 0.41802120798
0.06 0.408909287918
0.07 0.400078115261
0.08 0.391520468746
0.09 0.383211823037
0.1 0.375182969351
0.11 0.367243030781
0.12 0.359620219987
0.13 0.352912675904
0.14 0.346819560571
0.15 0.341158223268
0.16 0.335818975786
0.17 0.330734907346
0.18 0.325863780251
0.19 0.321177603521
0.2 0.316656726521
0.21 0.312286511247
0.22 0.308055453658
0.23 0.303954112384
0.24 0.299974485276
0.25 0.296109634209
0.26 0.292353448304
0.27 0.288700485473
0.28 0.285145859549
0.29 0.281685155156
0.3 0.278314360483
0.31 0.275029812447
0.32 0.271828150988
0.33 0.268706280492
0.34 0.265661336971
0.35 0.262690660042
0.36 0.25979176892
0.37 0.256962341827
0.38 0.254200198303
0.39 0.251503283977
0.4 0.248869657442
0.41 0.246297478911
0.42 0.243785000398
0.43 0.241330557185
0.44 0.238932560396
0.45 0.236589490502
0.46 0.234299891641
0.47 0.232062366607
0.48 0.229875572441
0.49 0.227738216516
0.5 0.225649053065
0.51 0.223606880081
0.52 0.22161053654
0.53 0.219658899908
0.54 0.2177508839
0.55 0.21588543644
0.56 0.214061537822
0.57 0.212278199032
0.58 0.210534460214
0.59 0.208829389263
0.6 0.207162080542
0.61 0.205531653687
0.62 0.203937252514
0.63 0.202378044002
0.64 0.200853217345
0.65 0.199361983079
0.66 0.197903572257
0.67 0.196477235685
0.68 0.195082243204
0.69 0.193717883016
0.7 0.192383461044
0.71 0.191078300342
0.72 0.189801740522
0.73 0.188553137225
0.74 0.187331861613
0.75 0.186137299887
0.76 0.184968852832
0.77 0.183825935381
0.78 0.182707976204
0.79 0.181614417305
0.8 0.180544713655
0.81 0.17949833282
0.82 0.178474754622
0.83 0.177473470804
0.84 0.176493984711
0.85 0.175535810986
0.86 0.174598475275
0.87 0.173681513942
0.88 0.172784473797
0.89 0.171906911835
0.9 0.171048394977
0.91 0.170208499832
0.92 0.16938681245
0.93 0.168582928104
0.94 0.167796451058
0.95 0.167026994359
0.96 0.166274179626
0.97 0.165537636848
0.98 0.164817004188
0.99 0.164111927797
