# Compound Alpha-D-glucose1-phosphate

0.0 9.09719601086
0.01 9.09719601086
0.02 9.09719601086
0.03 9.09719601086
0.04 9.09719601086
0.05 9.09719601086
0.06 9.09719601086
0.07 9.09719601086
0.08 9.09719601086
0.09 9.09719601086
0.1 9.09719601086
0.11 9.09719601086
0.12 9.09719601086
0.13 9.09719601086
0.14 9.09719601086
0.15 9.09719601086
0.16 9.09719601086
0.17 9.09719601086
0.18 9.09719601086
0.19 9.09719601086
0.2 9.09719601086
0.21 9.09719601086
0.22 9.09719601086
0.23 9.09719601086
0.24 9.09719601086
0.25 9.09719601086
0.26 9.09719601086
0.27 9.09719601086
0.28 9.09719601086
0.29 9.09719601086
0.3 9.09719601086
0.31 9.09719601086
0.32 9.09719601086
0.33 9.09719601086
0.34 9.09719601086
0.35 9.09719601086
0.36 9.09719601086
0.37 9.09719601086
0.38 9.09719601086
0.39 9.09719601086
0.4 9.09719601086
0.41 9.09719601086
0.42 9.09719601086
0.43 9.09719601086
0.44 9.09719601086
0.45 9.09719601086
0.46 9.09719601086
0.47 9.09719601086
0.48 9.09719601086
0.49 9.09719601086
0.5 9.09719601086
0.51 9.09719601086
0.52 9.09719601086
0.53 9.09719601086
0.54 9.09719601086
0.55 9.09719601086
0.56 9.09719601086
0.57 9.09719601086
0.58 9.09719601086
0.59 9.09719601086
0.6 9.09719601086
0.61 9.09719601086
0.62 9.09719601086
0.63 9.09719601086
0.64 9.09719601086
0.65 9.09719601086
0.66 9.09719601086
0.67 9.09719601086
0.68 9.09719601086
0.69 9.09719601086
0.7 9.09719601086
0.71 9.09719601086
0.72 9.09719601086
0.73 9.09719601086
0.74 9.09719601086
0.75 9.09719601086
0.76 9.09719601086
0.77 9.09719601086
0.78 9.09719601086
0.79 9.09719601086
0.8 9.09719601086
0.81 9.09719601086
0.82 9.09719601086
0.83 9.09719601086
0.84 9.09719601086
0.85 9.09719601086
0.86 9.09719601086
0.87 9.09719601086
0.88 9.09719601086
0.89 9.09719601086
0.9 9.09719601086
0.91 9.09719601086
0.92 9.09719601086
0.93 9.09719601086
0.94 9.09719601086
0.95 9.09719601086
0.96 9.09719601086
0.97 9.09719601086
0.98 9.09719601086
0.99 9.09719601086
