# Compound D-glucose1,6-bisphosphate

0.0 0.58053009839
0.01 0.552103676941
0.02 0.530636071462
0.03 0.518364823639
0.04 0.51107649705
0.05 0.507303305504
0.06 0.506191062579
0.07 0.507158023562
0.08 0.509775219385
0.09 0.513700130325
0.1 0.518680466733
0.11 0.524336130084
0.12 0.530866813664
0.13 0.538025230199
0.14 0.545361619747
0.15 0.552641440401
0.16 0.559748235899
0.17 0.566629927004
0.18 0.573269452998
0.19 0.579668731201
0.2 0.585839832128
0.21 0.5918000599
0.22 0.597569157564
0.23 0.603167682841
0.24 0.608616042099
0.25 0.613933906097
0.26 0.619139856319
0.27 0.624251177181
0.28 0.629283744825
0.29 0.634251982273
0.3 0.639168861266
0.31 0.64404593714
0.32 0.648893406845
0.33 0.653720182619
0.34 0.658533975629
0.35 0.663341385147
0.36 0.668147989914
0.37 0.672958439135
0.38 0.677776541238
0.39 0.682605349051
0.4 0.687447240491
0.41 0.692303994184
0.42 0.697176859714
0.43 0.702066622377
0.44 0.706973662484
0.45 0.711898009357
0.46 0.716839390242
0.47 0.721797274412
0.48 0.72677091276
0.49 0.731759373204
0.5 0.73676157223
0.51 0.741776302895
0.52 0.746802259589
0.53 0.751838059869
0.54 0.756882263629
0.55 0.761933389878
0.56 0.766989931365
0.57 0.772050367271
0.58 0.777113174183
0.59 0.78217683552
0.6 0.787239849603
0.61 0.7923007365
0.62 0.797358043798
0.63 0.802410351432
0.64 0.80745627566
0.65 0.812494472315
0.66 0.817523639392
0.67 0.82254251908
0.68 0.827549899289
0.69 0.83254461474
0.7 0.837525547683
0.71 0.84249162828
0.72 0.84744183471
0.73 0.852375193026
0.74 0.857290776797
0.75 0.86218770658
0.76 0.867065149231
0.77 0.871922317091
0.78 0.87675846706
0.79 0.88157289959
0.8 0.886364957595
0.81 0.891134025306
0.82 0.895879527084
0.83 0.900600926194
0.84 0.905297723551
0.85 0.909969456454
0.86 0.914615697309
0.87 0.919236052349
0.88 0.923830160353
0.89 0.928397691382
0.9 0.932938345515
0.91 0.93745185161
0.92 0.941937966081
0.93 0.94639647169
0.94 0.950827176375
0.95 0.955229912092
0.96 0.959604533693
0.97 0.963950917824
0.98 0.968268961862
0.99 0.972558582875
