# Compound cholesterol

0.0 2.36801360845
0.01 2.26597108336
0.02 2.12757386432
0.03 2.01195902499
0.04 1.91474545451
0.05 1.82762294854
0.06 1.74766802228
0.07 1.67369493688
0.08 1.60517875338
0.09 1.54154555958
0.1 1.48268764421
0.11 1.4267654523
0.12 1.37572195817
0.13 1.3324484259
0.14 1.2943386018
0.15 1.25992128223
0.16 1.22834787415
0.17 1.19910224855
0.18 1.17184670922
0.19 1.14634199595
0.2 1.12240581034
0.21 1.09989105246
0.22 1.07867410084
0.23 1.05864822909
0.24 1.03971968101
0.25 1.0218051532
0.26 1.00483005184
0.27 0.988727199922
0.28 0.973435826184
0.29 0.958900744454
0.3 0.945071671536
0.31 0.931902651595
0.32 0.919351565722
0.33 0.907379711307
0.34 0.895951439453
0.35 0.885033841073
0.36 0.874596474026
0.37 0.864611124985
0.38 0.855051600792
0.39 0.845893544937
0.4 0.837114275469
0.41 0.828692641319
0.42 0.820608894419
0.43 0.812844575502
0.44 0.805382411727
0.45 0.79820622462
0.46 0.79130084701
0.47 0.784652047865
0.48 0.778246464088
0.49 0.772071538445
0.5 0.766115462955
0.51 0.760367127124
0.52 0.754816070513
0.53 0.749452439188
0.54 0.744266945651
0.55 0.73925083192
0.56 0.734395835445
0.57 0.729694157589
0.58 0.725138434454
0.59 0.720721709828
0.6 0.716437410064
0.61 0.712279320742
0.62 0.708241564944
0.63 0.704318583024
0.64 0.700505113738
0.65 0.696796176645
0.66 0.693187055653
0.67 0.689673283655
0.68 0.68625062814
0.69 0.68291507773
0.7 0.679662829566
0.71 0.676490277484
0.72 0.673394000919
0.73 0.670370754497
0.74 0.66741745826
0.75 0.664531188477
0.76 0.661709169017
0.77 0.658948763224
0.78 0.656247466287
0.79 0.653602898043
0.8 0.651012796216
0.81 0.648475010039
0.82 0.645987494249
0.83 0.643548303426
0.84 0.641155586659
0.85 0.63880758251
0.86 0.636502614267
0.87 0.634239085467
0.88 0.632015475664
0.89 0.629830336443
0.9 0.627682287647
0.91 0.625570013818
0.92 0.623492260837
0.93 0.621447832742
0.94 0.619435588733
0.95 0.617454440324
0.96 0.615503348669
0.97 0.613581322018
0.98 0.611687413321
0.99 0.609820717958
