# Compound {(1,4)-alpha-D-glucosyl}(N)

0.0 3.13389860768
0.01 3.23261252091
0.02 3.39786502704
0.03 3.5674026059
0.04 3.73655892801
0.05 3.89981307199
0.06 4.05169699309
0.07 4.19652673897
0.08 4.31409919276
0.09 4.41248887634
0.1 4.45292930748
0.11 3.30830973235
0.12 3.84837017418
0.13 4.2773490005
0.14 4.62389243634
0.15 4.90582427349
0.16 5.13613959954
0.17 5.32491430865
0.18 5.48012049109
0.19 5.60810791679
0.2 5.71395102536
0.21 5.80171761312
0.22 5.8746799623
0.23 5.93548051252
0.24 5.98626148189
0.25 6.0287662109
0.26 6.06441854099
0.27 6.09438521795
0.28 6.11962518643
0.29 6.14092873647
0.3 6.15894875841
0.31 6.17422582573
0.32 6.1872084208
0.33 6.19826931427
0.34 6.20771888093
0.35 6.2158159618
0.36 6.22277675132
0.37 6.22878208808
0.38 6.23398345007
0.39 6.23850789503
0.4 6.24246213922
0.41 6.24593593091
0.42 6.24900484482
0.43 6.25173260058
0.44 6.25417298875
0.45 6.25637147323
0.46 6.25836652593
0.47 6.26019073998
0.48 6.2618717593
0.49 6.26343305572
0.5 6.26489457946
0.51 6.26627330432
0.52 6.267583685
0.53 6.26883804128
0.54 6.27004688116
0.55 6.27121917288
0.56 6.27236257428
0.57 6.27348362637
0.58 6.27458791695
0.59 6.27568021904
0.6 6.2767646082
0.61 6.27784456201
0.62 6.27892304467
0.63 6.28000257889
0.64 6.28108530723
0.65 6.28217304433
0.66 6.28326732163
0.67 6.28436942561
0.68 6.28548043053
0.69 6.28660122663
0.7 6.28773254427
0.71 6.2888749748
0.72 6.29002898856
0.73 6.29119495039
0.74 6.29237313313
0.75 6.29356372928
0.76 6.29476686115
0.77 6.29598258971
0.78 6.2972109223
0.79 6.29845181936
0.8 6.29970520032
0.81 6.30097094884
0.82 6.30224891728
0.83 6.3035389308
0.84 6.30484079083
0.85 6.30615427823
0.86 6.30747915608
0.87 6.30881517211
0.88 6.31016206092
0.89 6.3115195459
0.9 6.31288734102
0.91 6.31426515231
0.92 6.31565267934
0.93 6.31704961638
0.94 6.31845565359
0.95 6.31987047798
0.96 6.32129377436
0.97 6.32272522608
0.98 6.32416451586
0.99 6.32561132636
