# Compound glucosylglycogenin

0.0 1.72436692537
0.01 1.75773975993
0.02 1.74443750033
0.03 1.73246473095
0.04 1.7226978301
0.05 1.71721892257
0.06 1.71946952432
0.07 1.72438522197
0.08 1.75043265217
0.09 1.78941538787
0.1 1.87539389823
0.11 1.50615725064
0.12 1.40264922062
0.13 1.35024201902
0.14 1.32300762846
0.15 1.308726796
0.16 1.30123181932
0.17 1.29727605521
0.18 1.29511492554
0.19 1.29380807436
0.2 1.29285517807
0.21 1.29199838819
0.22 1.2911128103
0.23 1.29014524346
0.24 1.28907994384
0.25 1.2879196691
0.26 1.28667537462
0.27 1.28536078194
0.28 1.28398965912
0.29 1.28257458157
0.3 1.28112647729
0.31 1.27965456801
0.32 1.2781664937
0.33 1.27666850764
0.34 1.27516568478
0.35 1.27366211696
0.36 1.27216108413
0.37 1.2706651997
0.38 1.26917653114
0.39 1.26769669926
0.4 1.26622695926
0.41 1.264768267
0.42 1.26332133306
0.43 1.26188666706
0.44 1.26046461408
0.45 1.25905538464
0.46 1.25765907954
0.47 1.25627571041
0.48 1.25490521683
0.49 1.25354748058
0.5 1.25220233751
0.51 1.25086958744
0.52 1.24954900239
0.53 1.2482403335
0.54 1.24694331667
0.55 1.24565767735
0.56 1.24438313439
0.57 1.24311940331
0.58 1.24186619888
0.59 1.24062323726
0.6 1.23939023775
0.61 1.2381669241
0.62 1.23695302565
0.63 1.2357482781
0.64 1.2345524242
0.65 1.23336521413
0.66 1.23218640587
0.67 1.23101576538
0.68 1.22985306669
0.69 1.22869809194
0.7 1.22755063129
0.71 1.22641048288
0.72 1.22527745269
0.73 1.22415135431
0.74 1.22303200882
0.75 1.22191924455
0.76 1.22081289683
0.77 1.21971280779
0.78 1.2186188261
0.79 1.21753080676
0.8 1.21644861079
0.81 1.21537210505
0.82 1.21430116197
0.83 1.21323565933
0.84 1.21217548
0.85 1.21112051176
0.86 1.21007064705
0.87 1.20902578278
0.88 1.20798582009
0.89 1.2069506642
0.9 1.2059202242
0.91 1.20489441286
0.92 1.20387314647
0.93 1.20285634467
0.94 1.20184393029
0.95 1.2008358292
0.96 1.19983197017
0.97 1.19883228471
0.98 1.19783670696
0.99 1.19684517356
