# Compound CDP-3,6-dideoxy-D-glucose

0.0 3.72324863288
0.01 3.70634849642
0.02 3.68966091605
0.03 3.67318321843
0.04 3.65691276381
0.05 3.64084694566
0.06 3.62498319024
0.07 3.60931895616
0.08 3.593851734
0.09 3.57857904592
0.1 3.56349844522
0.11 3.54860751599
0.12 3.53390387268
0.13 3.51938515978
0.14 3.50504905138
0.15 3.49089325082
0.16 3.47691549035
0.17 3.46311353072
0.18 3.44948516085
0.19 3.43602819747
0.2 3.42274048478
0.21 3.40961989407
0.22 3.39666432342
0.23 3.38387169734
0.24 3.37123996645
0.25 3.35876710715
0.26 3.34645112127
0.27 3.33429003578
0.28 3.32228190249
0.29 3.31042479768
0.3 3.29871682184
0.31 3.28715609934
0.32 3.27574077816
0.33 3.26446902955
0.34 3.25333904778
0.35 3.24234904981
0.36 3.23149727506
0.37 3.22078198505
0.38 3.2102014632
0.39 3.19975401451
0.4 3.18943796527
0.41 3.17925166287
0.42 3.16919347545
0.43 3.15926179169
0.44 3.14945502053
0.45 3.13977159091
0.46 3.13020995155
0.47 3.12076857068
0.48 3.11144593577
0.49 3.10224055334
0.5 3.09315094868
0.51 3.08417566564
0.52 3.07531326637
0.53 3.06656233111
0.54 3.05792145795
0.55 3.04938926264
0.56 3.0409643783
0.57 3.03264545526
0.58 3.02443116084
0.59 3.01632017909
0.6 3.00831121064
0.61 3.00040297245
0.62 2.99259419761
0.63 2.98488363515
0.64 2.97727004984
0.65 2.96975222199
0.66 2.96232894722
0.67 2.95499903633
0.68 2.94776131507
0.69 2.94061462395
0.7 2.93355781807
0.71 2.92658976692
0.72 2.91970935422
0.73 2.91291547772
0.74 2.90620704905
0.75 2.8995829935
0.76 2.89304224991
0.77 2.88658377045
0.78 2.88020652046
0.79 2.8739094783
0.8 2.86769163519
0.81 2.86155199503
0.82 2.85548957424
0.83 2.84950340162
0.84 2.84359251819
0.85 2.83775597701
0.86 2.83199284308
0.87 2.82630219313
0.88 2.82068311552
0.89 2.81513471008
0.9 2.80965608794
0.91 2.80424637143
0.92 2.79890469392
0.93 2.79363019965
0.94 2.78842204366
0.95 2.7832793916
0.96 2.77820141961
0.97 2.7731873142
0.98 2.76823627211
0.99 2.76334750017
