# Compound mandelonitrile

0.0 3.06479287209
0.01 4.05312457444
0.02 4.11046080082
0.03 4.32801710816
0.04 4.570001019
0.05 4.80446855433
0.06 5.02294637284
0.07 5.22411689114
0.08 5.40901413897
0.09 5.57903169307
0.1 5.73580149415
0.11 5.87911701885
0.12 6.01438914883
0.13 6.13937207611
0.14 6.25413630298
0.15 6.35972752407
0.16 6.45729394583
0.17 6.54783226507
0.18 6.63215382526
0.19 6.71091375467
0.2 6.78464860014
0.21 6.85380722307
0.22 6.91877305076
0.23 6.97987940405
0.24 7.03742001601
0.25 7.0916563962
0.26 7.1428231609
0.27 7.19113204037
0.28 7.23677500277
0.29 7.27992676534
0.3 7.32074686216
0.31 7.35938137764
0.32 7.39596441922
0.33 7.43061938093
0.34 7.46346003594
0.35 7.49459148705
0.36 7.52411099815
0.37 7.55210872498
0.38 7.5786683602
0.39 7.60386770506
0.4 7.62777917818
0.41 7.65047026971
0.42 7.67200394833
0.43 7.69243902705
0.44 7.71183049291
0.45 7.73022980516
0.46 7.74768516532
0.47 7.76424176265
0.48 7.7799419976
0.49 7.79482568568
0.5 7.80893024378
0.51 7.82229086084
0.52 7.83494065432
0.53 7.84691081399
0.54 7.85823073414
0.55 7.86892813539
0.56 7.879029177
0.57 7.88855856062
0.58 7.89753962607
0.59 7.90599444009
0.6 7.91394387842
0.61 7.92140770194
0.62 7.92840462729
0.63 7.93495239244
0.64 7.94106781759
0.65 7.94676686186
0.66 7.95206467599
0.67 7.95697565141
0.68 7.96151346596
0.69 7.96569112657
0.7 7.96952100902
0.71 7.97301489503
0.72 7.97618400696
0.73 7.9790390402
0.74 7.98159019347
0.75 7.98384719712
0.76 7.98581933967
0.77 7.98751549258
0.78 7.98894413358
0.79 7.99011336838
0.8 7.99103095113
0.81 7.99170430357
0.82 7.992140533
0.83 7.99234644917
0.84 7.99232858012
0.85 7.99209318705
0.86 7.99164627833
0.87 7.99099362265
0.88 7.99014076138
0.89 7.98909302024
0.9 7.98785552022
0.91 7.98643318795
0.92 7.98483076536
0.93 7.98305281889
0.94 7.98110374808
0.95 7.97898779377
0.96 7.97670904571
0.97 7.97427144987
0.98 7.97167881524
0.99 7.96893482032
