# Compound linamarin

0.0 1.69130493043
0.01 1.92383212628
0.02 2.00617758555
0.03 2.10291732757
0.04 2.21620238494
0.05 2.35036171212
0.06 2.51263364262
0.07 2.68742579577
0.08 2.91586208785
0.09 3.17714546382
0.1 3.543149978
0.11 5.76441382423
0.12 5.08431043375
0.13 4.60995260561
0.14 4.26743251337
0.15 4.01533069607
0.16 3.82756834059
0.17 3.6865265699
0.18 3.57981179069
0.19 3.49850311138
0.2 3.43609109699
0.21 3.3877846662
0.22 3.35003661319
0.23 3.32020939485
0.24 3.29633549513
0.25 3.27694356237
0.26 3.26093119597
0.27 3.24747126176
0.28 3.23594254052
0.29 3.22587817024
0.3 3.21692718121
0.31 3.20882571546
0.32 3.20137544126
0.33 3.1944273336
0.34 3.18786946927
0.35 3.18161783358
0.36 3.17560939111
0.37 3.16979686158
0.38 3.16414478139
0.39 3.15862653564
0.4 3.1532221231
0.41 3.14791647482
0.42 3.14269819104
0.43 3.13755859389
0.44 3.13249101849
0.45 3.12749028379
0.46 3.12255229873
0.47 3.11767377009
0.48 3.11285198686
0.49 3.10808466161
0.5 3.10336981464
0.51 3.09870568992
0.52 3.09409069444
0.53 3.0895233551
0.54 3.08500228825
0.55 3.08052617848
0.56 3.07609376425
0.57 3.07170382822
0.58 3.067355191
0.59 3.06304670728
0.6 3.05877726354
0.61 3.05454577684
0.62 3.05035119428
0.63 3.04619249282
0.64 3.04206867933
0.65 3.03797879075
0.66 3.03392189414
0.67 3.0298970868
0.68 3.02590349615
0.69 3.02194027967
0.7 3.01800662454
0.71 3.01410174737
0.72 3.01022489366
0.73 3.00637533732
0.74 3.00255237998
0.75 2.99875535033
0.76 2.9949836034
0.77 2.99123651974
0.78 2.98751350464
0.79 2.98381398727
0.8 2.98013741986
0.81 2.97648327684
0.82 2.97285105401
0.83 2.96924026766
0.84 2.96565045377
0.85 2.9620811672
0.86 2.95853198085
0.87 2.95500248493
0.88 2.95149228617
0.89 2.94800100708
0.9 2.94452828529
0.91 2.94107377279
0.92 2.93763713535
0.93 2.93421805182
0.94 2.93081621356
0.95 2.92743132383
0.96 2.92406309726
0.97 2.92071125931
0.98 2.91737554573
0.99 2.91405570209
