# Compound 13-beta-D-glucosyloxydocosanoate

0.0 8.87445423502
0.01 9.48803916835
0.02 9.58651195113
0.03 9.71559621041
0.04 9.88223897423
0.05 10.1031593554
0.06 10.4071644386
0.07 10.7382976193
0.08 11.2650801494
0.09 11.9084649356
0.1 12.9851690506
0.11 8.33335779898
0.12 8.20949265289
0.13 8.23841663938
0.14 8.31351081535
0.15 8.39510768238
0.16 8.46853990981
0.17 8.52917265926
0.18 8.57652485526
0.19 8.61178101804
0.2 8.6366840854
0.21 8.65303658693
0.22 8.66248651558
0.23 8.66645073935
0.24 8.66610444444
0.25 8.6624004019
0.26 8.65609951749
0.27 8.64780338008
0.28 8.63798446829
0.29 8.62701230073
0.3 8.61517516433
0.31 8.60269770037
0.32 8.58975489093
0.33 8.57648305221
0.34 8.56298840854
0.35 8.54935374739
0.36 8.53564357189
0.37 8.52190808734
0.38 8.50818628751
0.39 8.49450834869
0.4 8.48089749172
0.41 8.46737143517
0.42 8.45394353403
0.43 8.44062367555
0.44 8.42741898713
0.45 8.41433439821
0.46 8.40137308798
0.47 8.38853684361
0.48 8.37582634786
0.49 8.36324141071
0.5 8.35078115648
0.51 8.33844417515
0.52 8.32622864506
0.53 8.31413243245
0.54 8.3021531722
0.55 8.29028833327
0.56 8.27853527177
0.57 8.2668912738
0.58 8.25535358994
0.59 8.24391946294
0.6 8.23258614978
0.61 8.22135093909
0.62 8.2102111648
0.63 8.19916421663
0.64 8.18820754812
0.65 8.17733868238
0.66 8.16655521634
0.67 8.15585482337
0.68 8.14523525495
0.69 8.1346943413
0.7 8.12422999128
0.71 8.11384019174
0.72 8.10352300635
0.73 8.09327657407
0.74 8.08309910735
0.75 8.07298889014
0.76 8.06294427564
0.77 8.05296368407
0.78 8.04304560031
0.79 8.03318857148
0.8 8.02339120455
0.81 8.01365216393
0.82 8.00397016915
0.83 7.99434399245
0.84 7.98477245659
0.85 7.97525443256
0.86 7.96578883745
0.87 7.95637463238
0.88 7.94701082046
0.89 7.93769644486
0.9 7.92843058695
0.91 7.91921236449
0.92 7.91004092993
0.93 7.90091546878
0.94 7.89183519799
0.95 7.88279936452
0.96 7.87380724383
0.97 7.8648581386
0.98 7.85595137735
0.99 7.84708631325
