# Compound coniferin

0.0 1.54359427447
0.01 1.7005310182
0.02 1.77033453896
0.03 1.85210121933
0.04 1.94773024445
0.05 2.06019254344
0.06 2.19393100527
0.07 2.34229121659
0.08 2.52445698272
0.09 2.73223376942
0.1 2.99165895279
0.11 3.59578136762
0.12 3.81442634606
0.13 4.02718827914
0.14 4.22972326671
0.15 4.42078206728
0.16 4.60018551631
0.17 4.76817437552
0.18 4.92517563103
0.19 5.07170510398
0.2 5.2083193889
0.21 5.33558855846
0.22 5.45407935903
0.23 5.56434458852
0.24 5.66691646944
0.25 5.76230271247
0.26 5.85098441486
0.27 5.93341520858
0.28 6.01002125145
0.29 6.08120177775
0.3 6.14733001042
0.31 6.20875429675
0.32 6.26579937146
0.33 6.3187676804
0.34 6.36794071909
0.35 6.41358035446
0.36 6.45593010933
0.37 6.49521639565
0.38 6.53164968877
0.39 6.56542563784
0.4 6.59672611086
0.41 6.62572017424
0.42 6.6525650082
0.43 6.67740676035
0.44 6.70038133987
0.45 6.72161515574
0.46 6.74122580186
0.47 6.7593226926
0.48 6.77600765188
0.49 6.791375459
0.5 6.80551435419
0.51 6.81850650682
0.52 6.83042844903
0.53 6.8413514772
0.54 6.8513420238
0.55 6.86046200179
0.56 6.86876912367
0.57 6.87631719703
0.58 6.88315639845
0.59 6.88933352747
0.6 6.8948922419
0.61 6.8998732762
0.62 6.90431464392
0.63 6.90825182562
0.64 6.91171794325
0.65 6.91474392208
0.66 6.91735864096
0.67 6.91958907202
0.68 6.92146041041
0.69 6.92299619483
0.7 6.92421841965
0.71 6.92514763914
0.72 6.92580306435
0.73 6.92620265331
0.74 6.92636319495
0.75 6.92630038713
0.76 6.92602890941
0.77 6.92556249068
0.78 6.92491397224
0.79 6.92409536648
0.8 6.92311791167
0.81 6.92199212288
0.82 6.92072783955
0.83 6.91933426981
0.84 6.91782003175
0.85 6.91619319203
0.86 6.91446130176
0.87 6.9126314301
0.88 6.91071019549
0.89 6.90870379495
0.9 6.90661803125
0.91 6.90445833843
0.92 6.90222980557
0.93 6.89993719895
0.94 6.89758498281
0.95 6.89517733875
0.96 6.89271818379
0.97 6.89021118729
0.98 6.88765978677
0.99 6.88506720269
