# Compound ADP-glucose

0.0 6.42017821215
0.01 5.74906037544
0.02 5.23324212819
0.03 4.8295971595
0.04 4.51310175122
0.05 4.26604321395
0.06 4.07606984044
0.07 3.93411699435
0.08 3.83292126521
0.09 3.77077039788
0.1 3.74620463441
0.11 3.70370727241
0.12 3.66439219337
0.13 3.64271133043
0.14 3.63084577226
0.15 3.62362690362
0.16 3.61799822882
0.17 3.61227289631
0.18 3.60559368685
0.19 3.59758956814
0.2 3.5881666766
0.21 3.5773830716
0.22 3.5653742066
0.23 3.55230894155
0.24 3.53836401175
0.25 3.52370970594
0.26 3.50850236475
0.27 3.49288100872
0.28 3.47696642826
0.29 3.46086169468
0.3 3.44465344185
0.31 3.42841351434
0.32 3.41220073531
0.33 3.39606264783
0.34 3.38003714756
0.35 3.36415396555
0.36 3.3484359854
0.37 3.33290039421
0.38 3.31755967579
0.39 3.30242245927
0.4 3.28749423823
0.41 3.27277797592
0.42 3.25827461153
0.43 3.24398348142
0.44 3.2299026678
0.45 3.21602928597
0.46 3.20235971988
0.47 3.1888898142
0.48 3.17561503034
0.49 3.16253057228
0.5 3.14963148752
0.51 3.13691274748
0.52 3.12436931098
0.53 3.11199617383
0.54 3.0997884071
0.55 3.08774118625
0.56 3.07584981265
0.57 3.06410972923
0.58 3.05251653119
0.59 3.04106597288
0.6 3.0297539716
0.61 3.01857660903
0.62 3.00753013075
0.63 2.99661094429
0.64 2.98581561611
0.65 2.97514086778
0.66 2.9645835715
0.67 2.95414074525
0.68 2.94380954764
0.69 2.93358727263
0.7 2.92347134413
0.71 2.91345931065
0.72 2.90354883991
0.73 2.89373771358
0.74 2.88402382219
0.75 2.87440516003
0.76 2.86487982034
0.77 2.85544599054
0.78 2.84610194771
0.79 2.83684605417
0.8 2.82767675325
0.81 2.81859256523
0.82 2.80959208339
0.83 2.80067397029
0.84 2.79183695415
0.85 2.78307982538
0.86 2.77440143328
0.87 2.76580068282
0.88 2.75727653165
0.89 2.74882798712
0.9 2.74045410351
0.91 2.73215397937
0.92 2.72392675492
0.93 2.71577160962
0.94 2.70768775983
0.95 2.69967445653
0.96 2.69173098324
0.97 2.68385665389
0.98 2.67605081097
0.99 2.66831282358
