# Compound desulfoglucotropeolin

0.0 1.49244927621
0.01 1.7888561249
0.02 1.89380520794
0.03 2.01097419013
0.04 2.14057402441
0.05 2.28453704737
0.06 2.44687412779
0.07 2.60731905182
0.08 2.80394181614
0.09 3.00867907176
0.1 2.28174135449
0.11 2.04700134764
0.12 2.23603290237
0.13 2.36706901455
0.14 2.45255407585
0.15 2.50650901218
0.16 2.53972979279
0.17 2.55965412775
0.18 2.57116611221
0.19 2.57739647135
0.2 2.58032600793
0.21 2.58119892898
0.22 2.5807936462
0.23 2.57959614071
0.24 2.57790954826
0.25 2.57592293746
0.26 2.57375430537
0.27 2.5714773969
0.28 2.56913841359
0.29 2.56676641544
0.3 2.56437979198
0.31 2.56199028458
0.32 2.55960548371
0.33 2.55723037695
0.34 2.5548683067
0.35 2.5525215616
0.36 2.55019174121
0.37 2.54787998085
0.38 2.54558709086
0.39 2.54331364364
0.4 2.54106002917
0.41 2.5388264916
0.42 2.53661315473
0.43 2.53442004076
0.44 2.53224708501
0.45 2.53009414835
0.46 2.52796102788
0.47 2.52584746659
0.48 2.52375316207
0.49 2.52167777442
0.5 2.51962093342
0.51 2.51758224504
0.52 2.51556129722
0.53 2.51355766497
0.54 2.51157091491
0.55 2.50960060916
0.56 2.50764630872
0.57 2.50570757632
0.58 2.50378397882
0.59 2.50187508925
0.6 2.49998048837
0.61 2.49809976606
0.62 2.49623252229
0.63 2.49437836796
0.64 2.49253692544
0.65 2.49070782899
0.66 2.48889072501
0.67 2.48708527215
0.68 2.48529114135
0.69 2.48350801574
0.7 2.48173559049
0.71 2.47997357264
0.72 2.47822168082
0.73 2.47647964498
0.74 2.47474720605
0.75 2.47302411564
0.76 2.47131013565
0.77 2.46960503795
0.78 2.46790860399
0.79 2.46622062443
0.8 2.4645408988
0.81 2.46286923513
0.82 2.46120544957
0.83 2.45954936609
0.84 2.45790081609
0.85 2.4562596381
0.86 2.45462567748
0.87 2.45299878606
0.88 2.45137882188
0.89 2.44976564889
0.9 2.44815913668
0.91 2.44655916022
0.92 2.44496559957
0.93 2.4433783397
0.94 2.44179727022
0.95 2.44022228513
0.96 2.43865328269
0.97 2.43709016513
0.98 2.43553283852
0.99 2.43398121255
