# Compound salicylalcohol

0.0 8.88939017389
0.01 7.68893260979
0.02 7.30143114175
0.03 6.86041675197
0.04 6.36205376248
0.05 5.79282983005
0.06 5.12717838039
0.07 4.45691797893
0.08 3.58205649214
0.09 2.63325183167
0.1 6.80399151417
0.11 8.64221580464
0.12 7.42766026282
0.13 6.62741364801
0.14 6.12005290078
0.15 5.80542585785
0.16 5.61376660804
0.17 5.49939605301
0.18 5.43324090475
0.19 5.39705320781
0.2 5.37945731224
0.21 5.37338309291
0.22 5.37444063034
0.23 5.3799038721
0.24 5.3880788875
0.25 5.39791211929
0.26 5.40874756755
0.27 5.42017620747
0.28 5.43194252427
0.29 5.44388645271
0.3 5.45590729259
0.31 5.46794128336
0.32 5.47994767754
0.33 5.49190010431
0.34 5.50378122483
0.35 5.51557943294
0.36 5.52728682338
0.37 5.53889794238
0.38 5.55040901844
0.39 5.56181748569
0.4 5.57312168403
0.41 5.584320665
0.42 5.5954140603
0.43 5.6064019872
0.44 5.61728497562
0.45 5.62806390832
0.46 5.63873996925
0.47 5.64931459756
0.48 5.65978944593
0.49 5.67016634271
0.5 5.68044725738
0.51 5.69063426947
0.52 5.70072954063
0.53 5.71073528985
0.54 5.72065377172
0.55 5.73048725748
0.56 5.74023801873
0.57 5.74990831361
0.58 5.75950037517
0.59 5.76901640174
0.6 5.77845854909
0.61 5.78782892416
0.62 5.79712958013
0.63 5.80636251275
0.64 5.81552965763
0.65 5.82463288843
0.66 5.83367401579
0.67 5.84265478693
0.68 5.85157688566
0.69 5.86044193296
0.7 5.86925148779
0.71 5.87800704826
0.72 5.88671005298
0.73 5.89536188261
0.74 5.90396386153
0.75 5.91251725961
0.76 5.92102329405
0.77 5.92948313124
0.78 5.93789788866
0.79 5.94626863679
0.8 5.95459640097
0.81 5.96288216326
0.82 5.9711268643
0.83 5.97933140506
0.84 5.98749664858
0.85 5.99562342168
0.86 6.00371251659
0.87 6.01176469251
0.88 6.01978067715
0.89 6.0277611682
0.9 6.03570683472
0.91 6.04361831848
0.92 6.05149623529
0.93 6.0593411762
0.94 6.06715370869
0.95 6.07493437781
0.96 6.08268370722
0.97 6.09040220026
0.98 6.09809034092
0.99 6.10574859472
