# Compound lactose

0.0 9.09145399824
0.01 9.03954061873
0.02 8.55982935426
0.03 7.97823829066
0.04 7.33894014933
0.05 6.65494882806
0.06 5.93355084248
0.07 5.22260334654
0.08 4.49052482515
0.09 3.78990719153
0.1 3.10712688126
0.11 2.38300163781
0.12 2.44963939578
0.13 2.49305890316
0.14 2.5201917518
0.15 2.53727320493
0.16 2.5486953392
0.17 2.55728730316
0.18 2.56478224132
0.19 2.57219752319
0.2 2.58009947386
0.21 2.58877683108
0.22 2.59835110259
0.23 2.60884558811
0.24 2.62022802335
0.25 2.63243663338
0.26 2.645395845
0.27 2.65902559536
0.28 2.67324669738
0.29 2.68798379219
0.3 2.70316683725
0.31 2.71873171723
0.32 2.73462033969
0.33 2.75078043845
0.34 2.76716522126
0.35 2.78373294415
0.36 2.80044646225
0.37 2.81727278565
0.38 2.83418265638
0.39 2.8511501548
0.4 2.86815233866
0.41 2.88516891564
0.42 2.90218194814
0.43 2.91917558858
0.44 2.93613584291
0.45 2.95305035962
0.46 2.96990824217
0.47 2.98669988214
0.48 3.00341681126
0.49 3.02005157002
0.5 3.03659759134
0.51 3.05304909739
0.52 3.0694010084
0.53 3.08564886182
0.54 3.10178874091
0.55 3.11781721167
0.56 3.13373126703
0.57 3.14952827769
0.58 3.16520594869
0.59 3.18076228118
0.6 3.1961955387
0.61 3.21150421751
0.62 3.22668702056
0.63 3.2417428345
0.64 3.25667070956
0.65 3.2714698419
0.66 3.28613955806
0.67 3.3006793014
0.68 3.31508862017
0.69 3.32936715708
0.7 3.34351464013
0.71 3.35753087464
0.72 3.3714157362
0.73 3.38516916452
0.74 3.39879115804
0.75 3.41228176918
0.76 3.42564110017
0.77 3.43886929937
0.78 3.45196655798
0.79 3.46493310724
0.8 3.47776921577
0.81 3.49047518732
0.82 3.50305135872
0.83 3.51549809801
0.84 3.52781580271
0.85 3.54000489835
0.86 3.55206583699
0.87 3.56399909595
0.88 3.57580517655
0.89 3.58748460299
0.9 3.59903792126
0.91 3.61046569809
0.92 3.62176852
0.93 3.63294699235
0.94 3.64400173843
0.95 3.65493339858
0.96 3.66574262936
0.97 3.67643010269
0.98 3.68699650508
0.99 3.69744253682
