# Compound glycoprotein6-(D-glucose-1-phospho)-D-mannose

0.0 2.01747887477
0.01 2.49977279125
0.02 2.69122303901
0.03 2.90312375269
0.04 3.13449640082
0.05 3.38482623137
0.06 3.65370083183
0.07 3.91844732125
0.08 4.19941020851
0.09 4.46872972429
0.1 4.73711377436
0.11 5.20747376024
0.12 5.26435769062
0.13 5.30454611869
0.14 5.33177739909
0.15 5.34977901371
0.16 5.36141439065
0.17 5.36872125792
0.18 5.37310666417
0.19 5.37552902405
0.2 5.37663688736
0.21 5.37686773408
0.22 5.37651626442
0.23 5.37578092577
0.24 5.37479537338
0.25 5.37364965865
0.26 5.37240447131
0.27 5.3711007067
0.28 5.36976589439
0.29 5.36841852212
0.3 5.3670709483
0.31 5.36573136779
0.32 5.36440514156
0.33 5.36309569835
0.34 5.36180514794
0.35 5.36053469925
0.36 5.35928494652
0.37 5.35805606556
0.38 5.3568479489
0.39 5.35566029914
0.4 5.35449269359
0.41 5.35334462911
0.42 5.35221555344
0.43 5.35110488691
0.44 5.35001203767
0.45 5.34893641227
0.46 5.34787742297
0.47 5.3468344928
0.48 5.34580705898
0.49 5.34479457515
0.5 5.34379651279
0.51 5.34281236206
0.52 5.34184163218
0.53 5.3408838515
0.54 5.33993856736
0.55 5.33900534578
0.56 5.33808377103
0.57 5.33717344513
0.58 5.33627398729
0.59 5.33538503335
0.6 5.33450623512
0.61 5.33363725982
0.62 5.33277778941
0.63 5.33192752001
0.64 5.33108616129
0.65 5.3302534359
0.66 5.32942907888
0.67 5.3286128371
0.68 5.32780446876
0.69 5.32700374287
0.7 5.32621043873
0.71 5.32542434549
0.72 5.32464526166
0.73 5.32387299475
0.74 5.32310736076
0.75 5.32234818386
0.76 5.32159529598
0.77 5.32084853645
0.78 5.32010775166
0.79 5.31937279475
0.8 5.31864352526
0.81 5.31791980885
0.82 5.31720151704
0.83 5.31648852689
0.84 5.31578072077
0.85 5.31507798612
0.86 5.31438021519
0.87 5.31368730483
0.88 5.31299915628
0.89 5.31231567494
0.9 5.3116367702
0.91 5.31096235525
0.92 5.31029234689
0.93 5.30962666536
0.94 5.30896523419
0.95 5.30830798003
0.96 5.30765483253
0.97 5.30700572415
0.98 5.30636059008
0.99 5.30571936806
