# Compound ATP

0.0 0.104707206055
0.01 0.554455492784
0.02 0.94599080644
0.03 1.2803577268
0.04 1.56434065606
0.05 1.805961421
0.06 2.0114599503
0.07 2.18615146948
0.08 2.33360130128
0.09 2.45591077427
0.1 2.55431094142
0.11 2.62193352028
0.12 2.73949905522
0.13 2.82099292118
0.14 2.87948384781
0.15 2.92345487944
0.16 2.95826839662
0.17 2.98730279557
0.18 3.01269681538
0.19 3.03581464063
0.2 3.05753323138
0.21 3.07842014186
0.22 3.09884436204
0.23 3.11904607107
0.24 3.1391809975
0.25 3.15934894021
0.26 3.17961230969
0.27 3.20000831691
0.28 3.22055707591
0.29 3.24126705036
0.3 3.26213875517
0.31 3.28316729912
0.32 3.30434414926
0.33 3.32565836706
0.34 3.34709748148
0.35 3.36864811014
0.36 3.39029640324
0.37 3.4120283619
0.38 3.43383006603
0.39 3.45568783682
0.4 3.4775883513
0.41 3.49951872146
0.42 3.52146654721
0.43 3.54341994964
0.44 3.56536758957
0.45 3.5872986751
0.46 3.60920296086
0.47 3.63107074116
0.48 3.65289283845
0.49 3.67466058867
0.5 3.69636582404
0.51 3.71800085447
0.52 3.73955844777
0.53 3.76103180939
0.54 3.782414562
0.55 3.80370072502
0.56 3.82488469452
0.57 3.84596122356
0.58 3.866925403
0.59 3.88777264305
0.6 3.90849865551
0.61 3.92909943669
0.62 3.94957125119
0.63 3.96991061642
0.64 3.99011428788
0.65 4.01017924526
0.66 4.0301026793
0.67 4.04988197934
0.68 4.06951472164
0.69 4.08899865839
0.7 4.10833170733
0.71 4.1275119421
0.72 4.14653758314
0.73 4.16540698914
0.74 4.18411864911
0.75 4.20267117494
0.76 4.22106329441
0.77 4.23929384473
0.78 4.25736176647
0.79 4.27526609793
0.8 4.29300596983
0.81 4.31058060047
0.82 4.32798929109
0.83 4.34523142167
0.84 4.36230644695
0.85 4.37921389272
0.86 4.39595335241
0.87 4.41252448385
0.88 4.42892700634
0.89 4.44516069782
0.9 4.4612253923
0.91 4.47712097744
0.92 4.49284739226
0.93 4.50840462507
0.94 4.52379271146
0.95 4.53901173246
0.96 4.5540618128
0.97 4.56894311927
0.98 4.5836558592
0.99 4.59820027897
