# Compound dolichylbeta-D-glucosylphosphate

0.0 9.07034749021
0.01 9.15179713871
0.02 9.09046616948
0.03 9.02467465464
0.04 8.95444712197
0.05 8.88265829299
0.06 8.81499277301
0.07 8.73869175589
0.08 8.69348874925
0.09 8.66226723642
0.1 8.73059855264
0.11 11.767498304
0.12 10.6440434923
0.13 9.73850049511
0.14 8.98267435728
0.15 8.34027566112
0.16 7.78845609738
0.17 7.31108679084
0.18 6.89595657217
0.19 6.53342802646
0.2 6.21569843862
0.21 5.93634375828
0.22 5.69001202767
0.23 5.47220464806
0.24 5.27911379512
0.25 5.10749801082
0.26 4.95458493257
0.27 4.81799395518
0.28 4.69567390443
0.29 4.58585224425
0.3 4.4869932913
0.31 4.39776356247
0.32 4.31700283773
0.33 4.24369985021
0.34 4.17697175582
0.35 4.11604671484
0.36 4.06024905335
0.37 4.00898657682
0.38 3.96173968883
0.39 3.91805203128
0.4 3.87752241269
0.41 3.83979783125
0.42 3.80456743157
0.43 3.77155726042
0.44 3.740525708
0.45 3.71125953911
0.46 3.68357043295
0.47 3.65729196255
0.48 3.63227695493
0.49 3.60839518141
0.5 3.58553133495
0.51 3.56358325708
0.52 3.54246038252
0.53 3.52208237342
0.54 3.50237791962
0.55 3.48328368361
0.56 3.46474337255
0.57 3.4467069213
0.58 3.42912977287
0.59 3.41197224439
0.6 3.395198968
0.61 3.3787783978
0.62 3.3626823746
0.63 3.34688574175
0.64 3.33136600573
0.65 3.31610303624
0.66 3.30107880117
0.67 3.28627713206
0.68 3.27168351672
0.69 3.25728491564
0.7 3.24306959943
0.71 3.22902700482
0.72 3.2151476071
0.73 3.20142280699
0.74 3.18784483035
0.75 3.17440663921
0.76 3.16110185273
0.77 3.14792467716
0.78 3.13486984346
0.79 3.12193255201
0.8 3.10910842335
0.81 3.09639345441
0.82 3.08378397959
0.83 3.07127663602
0.84 3.05886833273
0.85 3.04655622306
0.86 3.03433768016
0.87 3.02221027508
0.88 3.01017175722
0.89 2.99822003688
0.9 2.98635316963
0.91 2.97456934243
0.92 2.9628668611
0.93 2.95124413916
0.94 2.93969968783
0.95 2.92823210705
0.96 2.91684007746
0.97 2.90552235313
0.98 2.89427775512
0.99 2.88310516561
