# Compound D-galactose

0.0 3.76159502083
0.01 3.88169580051
0.02 3.87653506794
0.03 3.89573657827
0.04 3.92119391319
0.05 3.94765689291
0.06 3.97349159045
0.07 3.99823503412
0.08 4.02185242686
0.09 4.0443750724
0.1 4.06594285419
0.11 4.08618388261
0.12 4.10621515799
0.13 4.12579975795
0.14 4.14454905022
0.15 4.16240423415
0.16 4.17941645546
0.17 4.1956608212
0.18 4.21120780733
0.19 4.22611659713
0.2 4.24043564628
0.21 4.2542049511
0.22 4.2674582184
0.23 4.28022451601
0.24 4.29252942809
0.25 4.30439584217
0.26 4.31584448732
0.27 4.32689431112
0.28 4.3375627533
0.29 4.34786595243
0.3 4.35781890811
0.31 4.36743561217
0.32 4.37672915749
0.33 4.38571182987
0.34 4.39439518657
0.35 4.40279012408
0.36 4.41090693702
0.37 4.41875536966
0.38 4.42634466118
0.39 4.43368358567
0.4 4.44078048758
0.41 4.4476433133
0.42 4.45427963944
0.43 4.46069669824
0.44 4.46690140049
0.45 4.47290035625
0.46 4.47869989373
0.47 4.48430607648
0.48 4.48972471911
0.49 4.49496140175
0.5 4.50002148328
0.51 4.50491011364
0.52 4.5096322451
0.53 4.51419264277
0.54 4.51859589436
0.55 4.52284641922
0.56 4.52694847676
0.57 4.53090617439
0.58 4.53472347481
0.59 4.53840420295
0.6 4.5419520524
0.61 4.54537059148
0.62 4.54866326892
0.63 4.5518334192
0.64 4.55488426762
0.65 4.55781893498
0.66 4.56064044212
0.67 4.5633517141
0.68 4.5659555842
0.69 4.56845479768
0.7 4.57085201539
0.71 4.57314981707
0.72 4.57535070463
0.73 4.57745710513
0.74 4.57947137371
0.75 4.58139579628
0.76 4.58323259216
0.77 4.58498391652
0.78 4.58665186277
0.79 4.58823846478
0.8 4.589745699
0.81 4.59117548655
0.82 4.5925296951
0.83 4.59381014079
0.84 4.59501858994
0.85 4.59615676078
0.86 4.59722632508
0.87 4.59822890965
0.88 4.5991660979
0.89 4.60003943119
0.9 4.60085041023
0.91 4.60160049637
0.92 4.60229111288
0.93 4.60292364611
0.94 4.60349944668
0.95 4.6040198306
0.96 4.60448608028
0.97 4.60489944562
0.98 4.60526114495
0.99 4.605572366
