# Compound pyruvate

0.0 0.051
0.01 0.051607183336
0.02 0.0522188578007
0.03 0.0528349886112
0.04 0.0534555385668
0.05 0.0540804679139
0.06 0.0547097342013
0.07 0.0553432921237
0.08 0.0559810933531
0.09 0.0566230863569
0.1 0.0572692162018
0.11 0.0579194243426
0.12 0.0585736379448
0.13 0.0592317632147
0.14 0.0598937003586
0.15 0.0605593428895
0.16 0.0612285773566
0.17 0.0619012830658
0.18 0.0625773317913
0.19 0.0632565874777
0.2 0.0639389059334
0.21 0.0646241345139
0.22 0.0653121137309
0.23 0.0660026765452
0.24 0.0666956433215
0.25 0.0673908236904
0.26 0.0680880169414
0.27 0.0687886680301
0.28 0.0694960248936
0.29 0.0702101694644
0.3 0.0709311846588
0.31 0.0716591543888
0.32 0.072394163573
0.33 0.0731362981483
0.34 0.0738856450819
0.35 0.0746422923828
0.36 0.0754063291145
0.37 0.0761778454069
0.38 0.0769560706143
0.39 0.0777409874608
0.4 0.0785326587371
0.41 0.0793311480515
0.42 0.0801365198398
0.43 0.0809488393744
0.44 0.0817681727752
0.45 0.0825945870188
0.46 0.0834281499494
0.47 0.0842689302886
0.48 0.0851169976464
0.49 0.0859724225315
0.5 0.0868352763625
0.51 0.0877055907876
0.52 0.0885811715001
0.53 0.0894643682562
0.54 0.0903552559014
0.55 0.0912539102414
0.56 0.092160408054
0.57 0.0930748271003
0.58 0.0939972461378
0.59 0.0949277449319
0.6 0.0958664042691
0.61 0.0968133059691
0.62 0.0977685328983
0.63 0.0987321689828
0.64 0.0997042992214
0.65 0.1006850097
0.66 0.101674387604
0.67 0.102672521236
0.68 0.103679500023
0.69 0.10469541454
0.7 0.105720356517
0.71 0.106751382435
0.72 0.107789942502
0.73 0.108837583047
0.74 0.109894395603
0.75 0.110960472864
0.76 0.112035908707
0.77 0.113120798199
0.78 0.11421523762
0.79 0.115319324475
0.8 0.116433157512
0.81 0.117556836738
0.82 0.118690463435
0.83 0.119834140182
0.84 0.120987970864
0.85 0.122152060699
0.86 0.123326516249
0.87 0.124511445444
0.88 0.125706957596
0.89 0.126913163423
0.9 0.128130175066
0.91 0.129358106108
0.92 0.130597071597
0.93 0.131847188065
0.94 0.133108573549
0.95 0.134381347615
0.96 0.135665631375
0.97 0.136961547516
0.98 0.138269220316
0.99 0.139588775672
1.0 0.140920341122
1.01 0.142264045869
1.02 0.143620020806
1.03 0.144988398541
1.04 0.146369313421
1.05 0.147762901562
1.06 0.149169300871
1.07 0.150588651076
1.08 0.152021093753
1.09 0.153466772354
1.1 0.154925832234
1.11 0.156398420685
1.12 0.157884686959
1.13 0.159384782306
1.14 0.160898859999
1.15 0.162427075369
1.16 0.163969585836
1.17 0.165526550944
1.18 0.167098132389
1.19 0.168684494063
1.2 0.170285802078
1.21 0.171902224812
1.22 0.173533932936
1.23 0.17518109946
1.24 0.176843899764
1.25 0.17852251164
1.26 0.180217115333
1.27 0.181927893577
1.28 0.183655031641
1.29 0.185398717368
1.3 0.187159141218
1.31 0.188936496314
1.32 0.190730978484
1.33 0.192542786309
1.34 0.19437212117
1.35 0.196219187292
1.36 0.198084191797
1.37 0.199967344752
1.38 0.201868859218
1.39 0.203788951306
1.4 0.205727840225
1.41 0.207685748341
1.42 0.209662901229
1.43 0.211659527731
1.44 0.213675860011
1.45 0.21571213362
1.46 0.21776858755
1.47 0.219845464299
1.48 0.221943009933
1.49 0.22406147415
1.5 0.226201110347
1.51 0.228362175685
1.52 0.230544931163
1.53 0.23274964168
1.54 0.234976576115
1.55 0.237226007395
1.56 0.239498212572
1.57 0.241793472903
1.58 0.244112073923
1.59 0.246454305527
1.6 0.248820462057
1.61 0.25121084238
1.62 0.253625749978
1.63 0.256065493034
1.64 0.258530384523
1.65 0.261020742306
1.66 0.26353688922
1.67 0.266079153179
1.68 0.268647867273
1.69 0.271243369864
1.7 0.273866004698
1.71 0.276516121002
1.72 0.2791940736
1.73 0.281900223023
1.74 0.284634935619
1.75 0.287398583674
1.76 0.290191545531
1.77 0.293014205712
1.78 0.295866955042
1.79 0.298750190781
1.8 0.301664316753
1.81 0.304609743484
1.82 0.307586888338
1.83 0.31059617566
1.84 0.313638036921
1.85 0.31671291087
1.86 0.319821243683
1.87 0.322963489123
1.88 0.326140108699
1.89 0.329351571832
1.9 0.332598356025
1.91 0.335880947035
1.92 0.339199839055
1.93 0.34255553489
1.94 0.345948546153
1.95 0.349379393451
1.96 0.352848606585
1.97 0.356356724756
1.98 0.359904296767
1.99 0.363491881243
2.0 0.367120046848
2.01 0.370789372511
2.02 0.374500447656
2.03 0.378253872444
2.04 0.382050258014
2.05 0.385890226736
2.06 0.38977441247
2.07 0.393703460829
2.08 0.397678029454
2.09 0.401698788294
2.1 0.405766419892
2.11 0.409881619687
2.12 0.414045096311
2.13 0.418257571912
2.14 0.422519782466
2.15 0.42683247812
2.16 0.431196423524
2.17 0.435612398187
2.18 0.440081196838
2.19 0.444603629799
2.2 0.449180523365
2.21 0.453812720204
2.22 0.458501079756
2.23 0.463246478659
2.24 0.468049811173
2.25 0.47291198963
2.26 0.477833944887
2.27 0.482816626801
2.28 0.48786100471
2.29 0.49296806794
2.3 0.498138826315
2.31 0.503374310695
2.32 0.508675573519
2.33 0.514043689379
2.34 0.519479755596
2.35 0.524984892827
2.36 0.530560245687
2.37 0.536206983388
2.38 0.541926300407
2.39 0.547719417163
2.4 0.553587580728
2.41 0.559532065556
2.42 0.565554174233
2.43 0.57165523826
2.44 0.577836618854
2.45 0.584099707781
2.46 0.590445928216
2.47 0.596876735626
2.48 0.603393618695
2.49 0.609998100271
2.5 0.616691738347
2.51 0.623476127082
2.52 0.630352897847
2.53 0.63732372032
2.54 0.644390303608
2.55 0.651554397417
2.56 0.658817793258
2.57 0.666182325703
2.58 0.673649873678
2.59 0.681222361806
2.6 0.688901761805
2.61 0.696690093927
2.62 0.704589428457
2.63 0.712601887268
2.64 0.720729645425
2.65 0.728974932865
2.66 0.737340036123
2.67 0.745827300138
2.68 0.754439130121
2.69 0.763177993492
2.7 0.772046421903
2.71 0.781047013327
2.72 0.790182434238
2.73 0.799455421872
2.74 0.808868786583
2.75 0.818425414287
2.76 0.828128269008
2.77 0.837980395529
2.78 0.847984922145
2.79 0.858145063534
2.8 0.868464123749
2.81 0.878945499324
2.82 0.889592682523
2.83 0.900409264718
2.84 0.911398939913
2.85 0.922565508414
2.86 0.933912880669
2.87 0.94544508126
2.88 0.957166253081
2.89 0.969080661688
2.9 0.981192699858
2.91 0.993506892334
2.92 1.00602790079
2.93 1.01876052904
2.94 1.03170972844
2.95 1.04488060357
2.96 1.0582784182
2.97 1.07190860147
2.98 1.08577675442
2.99 1.09988865682
