# Compound Sn-glycerol3-phosphate

0.0 8.18392023722
0.01 7.93092567286
0.02 7.64298018686
0.03 7.47680136373
0.04 7.33459492475
0.05 7.19894418945
0.06 7.06510851998
0.07 6.93205618299
0.08 6.80020694451
0.09 6.66787492326
0.1 6.53489359779
0.11 6.37185996362
0.12 6.27597625698
0.13 6.20001375387
0.14 6.13510860095
0.15 6.07697923317
0.16 6.02355389734
0.17 5.97381038516
0.18 5.92721534177
0.19 5.8834572815
0.2 5.84232228658
0.21 5.80363818632
0.22 5.76725093484
0.23 5.73301561282
0.24 5.70079369068
0.25 5.67045269397
0.26 5.64186658028
0.27 5.61491615375
0.28 5.58948929857
0.29 5.5654810023
0.3 5.54279320662
0.31 5.52133453781
0.32 5.50101996401
0.33 5.48177041519
0.34 5.46351239129
0.35 5.44617757506
0.36 5.42970245959
0.37 5.41402799624
0.38 5.39909926565
0.39 5.38486517234
0.4 5.37127816281
0.41 5.35829396571
0.42 5.34587135286
0.43 5.33397191951
0.44 5.32255988222
0.45 5.31160189283
0.46 5.30106686718
0.47 5.2909258271
0.48 5.28115175463
0.49 5.27171945729
0.5 5.2626054434
0.51 5.25378780667
0.52 5.24524611912
0.53 5.23696133182
0.54 5.22891568254
0.55 5.22109261002
0.56 5.21347667416
0.57 5.20605348167
0.58 5.19880961688
0.59 5.19173257714
0.6 5.18481071267
0.61 5.17803317035
0.62 5.17138984127
0.63 5.16487131177
0.64 5.15846881765
0.65 5.15217420144
0.66 5.14597987239
0.67 5.13987876915
0.68 5.13386432477
0.69 5.12793043405
0.7 5.12207142298
0.71 5.11628202011
0.72 5.11055732982
0.73 5.1048928073
0.74 5.09928423509
0.75 5.09372770123
0.76 5.0882195787
0.77 5.08275650631
0.78 5.07733537067
0.79 5.07195328949
0.8 5.06660759583
0.81 5.0612958234
0.82 5.05601569286
0.83 5.05076509897
0.84 5.04554209853
0.85 5.04034489922
0.86 5.03517184902
0.87 5.03002142646
0.88 5.02489223143
0.89 5.01978297658
0.9 5.01469247936
0.91 5.00961965449
0.92 5.00456350703
0.93 4.99952312582
0.94 4.9944976774
0.95 4.98948640035
0.96 4.98448859994
0.97 4.97950364326
0.98 4.97453095454
0.99 4.96957001087
