# Compound alpha-D-glucose1-phosphate

0.0 6.50622647187
0.01 6.39117004449
0.02 6.49769585278
0.03 6.70063384082
0.04 6.86958075772
0.05 7.01805322604
0.06 7.17367327684
0.07 7.31411811773
0.08 7.5255154051
0.09 7.7546191986
0.1 8.08717419183
0.11 7.03629528492
0.12 8.01533568193
0.13 8.34509951673
0.14 8.3596405646
0.15 8.23647616621
0.16 8.06271892626
0.17 7.87850509807
0.18 7.70081447081
0.19 7.53569408267
0.2 7.38430336282
0.21 7.24581071934
0.22 7.11872848175
0.23 7.00149175201
0.24 6.89268180399
0.25 6.79108954928
0.26 6.69571231118
0.27 6.60572692019
0.28 6.52045792704
0.29 6.43934835307
0.3 6.36193526627
0.31 6.28783031389
0.32 6.2167045591
0.33 6.14827678663
0.34 6.08230449978
0.35 6.01857696426
0.36 5.95690979432
0.37 5.89714069826
0.38 5.83912609767
0.39 5.78273840877
0.4 5.72786382993
0.41 5.67440051979
0.42 5.62225708034
0.43 5.57135128082
0.44 5.5216089741
0.45 5.47296316875
0.46 5.42535322839
0.47 5.37872417635
0.48 5.33302608829
0.49 5.28821355895
0.5 5.24424523193
0.51 5.20108338353
0.52 5.15869355315
0.53 5.11704421421
0.54 5.07610648038
0.55 5.0358538428
0.56 4.99626193462
0.57 4.95730831976
0.58 4.91897230298
0.59 4.88123475921
0.6 4.84407797981
0.61 4.80748553411
0.62 4.77144214464
0.63 4.73593357461
0.64 4.70094652646
0.65 4.66646855034
0.66 4.63248796155
0.67 4.59899376614
0.68 4.56597559371
0.69 4.53342363693
0.7 4.501328597
0.71 4.46968163452
0.72 4.43847432524
0.73 4.40769862028
0.74 4.37734681036
0.75 4.34741149366
0.76 4.31788554695
0.77 4.28876209972
0.78 4.26003451105
0.79 4.23169634881
0.8 4.20374137118
0.81 4.17616351009
0.82 4.14895685648
0.83 4.12211564721
0.84 4.09563425334
0.85 4.06950716987
0.86 4.04372900652
0.87 4.01829447968
0.88 3.99319840525
0.89 3.96843569237
0.9 3.94400133789
0.91 3.91989042151
0.92 3.8960981016
0.93 3.87261961145
0.94 3.84945025611
0.95 3.82658540952
0.96 3.80402051218
0.97 3.78175106898
0.98 3.75977264743
0.99 3.73808087611
