# Compound glyceronephosphate

0.0 0.14
0.01 0.140208461027
0.02 0.140418548479
0.03 0.14063020129
0.04 0.140843359421
0.05 0.141057963815
0.06 0.141273956355
0.07 0.141491279824
0.08 0.141709877864
0.09 0.141929694937
0.1 0.142150676284
0.11 0.142372767884
0.12 0.142595916417
0.13 0.142820069175
0.14 0.143045174011
0.15 0.1432711793
0.16 0.143498033895
0.17 0.143725687092
0.18 0.143954088596
0.19 0.144183188477
0.2 0.144412937142
0.21 0.144643285288
0.22 0.144874183873
0.23 0.145105584087
0.24 0.145337437302
0.25 0.145569695041
0.26 0.145802308933
0.27 0.146035235444
0.28 0.146268445677
0.29 0.146501920789
0.3 0.146735642475
0.31 0.146969592946
0.32 0.14720375492
0.33 0.147438111608
0.34 0.147672646704
0.35 0.147907344369
0.36 0.148142189225
0.37 0.148377166336
0.38 0.148612261205
0.39 0.148847459753
0.4 0.149082748318
0.41 0.149318113634
0.42 0.149553542831
0.43 0.149789023417
0.44 0.150024543274
0.45 0.150260090647
0.46 0.150495654136
0.47 0.150731222685
0.48 0.150966785577
0.49 0.151202332422
0.5 0.15143785315
0.51 0.151673332544
0.52 0.151908766503
0.53 0.152144135065
0.54 0.152379429654
0.55 0.152614641968
0.56 0.152849763977
0.57 0.153084787914
0.58 0.15331970627
0.59 0.153554511787
0.6 0.153789197453
0.61 0.154023756493
0.62 0.154258182368
0.63 0.154492468764
0.64 0.154726609591
0.65 0.154960598974
0.66 0.155194431252
0.67 0.155428100968
0.68 0.155661602866
0.69 0.15589493189
0.7 0.156128083172
0.71 0.156361046104
0.72 0.156593804225
0.73 0.156826353114
0.74 0.157058688453
0.75 0.157290806101
0.76 0.157522702083
0.77 0.157754372594
0.78 0.157985813988
0.79 0.158217022775
0.8 0.158447995622
0.81 0.158678729344
0.82 0.158909220905
0.83 0.15913946741
0.84 0.159369466105
0.85 0.159599214371
0.86 0.159828709723
0.87 0.160057949806
0.88 0.160286932391
0.89 0.160515655374
0.9 0.160744116769
0.91 0.160972314711
0.92 0.161200247449
0.93 0.161427913342
0.94 0.161655310862
0.95 0.161882438586
0.96 0.162109295195
0.97 0.162335879473
0.98 0.162562190303
0.99 0.162788226663
1.0 0.163013987628
1.01 0.163239472366
1.02 0.163464680132
1.03 0.163689610272
1.04 0.163914262215
1.05 0.164138635477
1.06 0.164362729653
1.07 0.164586544418
1.08 0.164810079527
1.09 0.165033334809
1.1 0.165256310168
1.11 0.165479005579
1.12 0.16570142109
1.13 0.165923556817
1.14 0.166145412941
1.15 0.166366989712
1.16 0.166588287443
1.17 0.166809306508
1.18 0.167030047345
1.19 0.167250510448
1.2 0.167470696373
1.21 0.167690605729
1.22 0.167910239185
1.23 0.168129597459
1.24 0.168348681326
1.25 0.168567491611
1.26 0.168786029189
1.27 0.169004294986
1.28 0.169222289974
1.29 0.169440015173
1.3 0.16965747165
1.31 0.169874660514
1.32 0.170091582921
1.33 0.170308240068
1.34 0.170524633194
1.35 0.170740763579
1.36 0.170956632545
1.37 0.17117224145
1.38 0.171387591692
1.39 0.171602684706
1.4 0.171817521964
1.41 0.172032104974
1.42 0.172246435279
1.43 0.172460514455
1.44 0.172674344114
1.45 0.172887925898
1.46 0.173101261485
1.47 0.173314352582
1.48 0.173527200927
1.49 0.17373980829
1.5 0.173952176469
1.51 0.174164307293
1.52 0.174376202619
1.53 0.174587864331
1.54 0.174799294343
1.55 0.175010494596
1.56 0.175221467055
1.57 0.175432213714
1.58 0.175642736592
1.59 0.175853037734
1.6 0.176063119209
1.61 0.176272983113
1.62 0.176482631564
1.63 0.176692066704
1.64 0.176901290701
1.65 0.177110305745
1.66 0.177319114048
1.67 0.177527717848
1.68 0.177736119402
1.69 0.177944320992
1.7 0.178152324922
1.71 0.178360133516
1.72 0.178567749121
1.73 0.178775174106
1.74 0.178982410861
1.75 0.179189461797
1.76 0.179396329347
1.77 0.179603015964
1.78 0.179809524122
1.79 0.180015856316
1.8 0.180222015063
1.81 0.180428002899
1.82 0.18063382238
1.83 0.180839476086
1.84 0.181044966614
1.85 0.181250296583
1.86 0.181455468633
1.87 0.181660485423
1.88 0.181865349635
1.89 0.18207006397
1.9 0.18227463115
1.91 0.182479053918
1.92 0.182683335038
1.93 0.182887477294
1.94 0.183091483492
1.95 0.18329535646
1.96 0.183499099045
1.97 0.183702714118
1.98 0.18390620457
1.99 0.184109573315
2.0 0.184312823287
2.01 0.184515957445
2.02 0.184718978767
2.03 0.184921890258
2.04 0.185124694942
2.05 0.185327395867
2.06 0.185529996107
2.07 0.185732498756
2.08 0.185934906934
2.09 0.186137223785
2.1 0.186339452477
2.11 0.186541596204
2.12 0.186743658184
2.13 0.186945641662
2.14 0.187147549907
2.15 0.187349386217
2.16 0.187551153914
2.17 0.187752856348
2.18 0.187954496899
2.19 0.188156078971
2.2 0.188357606
2.21 0.188559081449
2.22 0.18876050881
2.23 0.188961891608
2.24 0.189163233394
2.25 0.189364537754
2.26 0.189565808303
2.27 0.189767048689
2.28 0.189968262593
2.29 0.190169453728
2.3 0.190370625843
2.31 0.19057178272
2.32 0.190772928177
2.33 0.190974066066
2.34 0.191175200277
2.35 0.191376334737
2.36 0.191577473413
2.37 0.191778620306
2.38 0.19197977946
2.39 0.192180954958
2.4 0.192382150925
2.41 0.192583371527
2.42 0.192784620973
2.43 0.192985903515
2.44 0.193187223449
2.45 0.193388585119
2.46 0.193589992912
2.47 0.193791451263
2.48 0.193992964658
2.49 0.194194537629
2.5 0.194396174759
2.51 0.194597880684
2.52 0.194799660089
2.53 0.195001517717
2.54 0.195203458361
2.55 0.195405486874
2.56 0.195607608164
2.57 0.195809827196
2.58 0.196012148997
2.59 0.196214578655
2.6 0.196417121317
2.61 0.196619782197
2.62 0.196822566572
2.63 0.197025479787
2.64 0.197228527252
2.65 0.19743171445
2.66 0.197635046933
2.67 0.197838530326
2.68 0.198042170327
2.69 0.198245972712
2.7 0.198449943333
2.71 0.198654088123
2.72 0.198858413094
2.73 0.199062924343
2.74 0.199267628051
2.75 0.199472530487
2.76 0.199677638009
2.77 0.199882957064
2.78 0.200088494196
2.79 0.200294256042
2.8 0.200500249337
2.81 0.200706480917
2.82 0.20091295772
2.83 0.201119686789
2.84 0.201326675276
2.85 0.20153393044
2.86 0.201741459656
2.87 0.201949270415
2.88 0.202157370323
2.89 0.202365767111
2.9 0.202574468633
2.91 0.202783482871
2.92 0.202992817938
2.93 0.203202482081
2.94 0.203412483686
2.95 0.203622831277
2.96 0.203833533526
2.97 0.204044599252
2.98 0.204256037428
2.99 0.204467857181
