# Compound dTDP-4-dehydro-6-deoxy-L-mannose

0.0 2.27902042759
0.01 2.27744450535
0.02 2.27596159261
0.03 2.27453901809
0.04 2.27316587964
0.05 2.27183550829
0.06 2.27054280671
0.07 2.2692836094
0.08 2.26805439072
0.09 2.26685208448
0.1 2.26567401305
0.11 2.2645176837
0.12 2.2633809997
0.13 2.26226216231
0.14 2.26116000017
0.15 2.26007347815
0.16 2.25900160839
0.17 2.25794343518
0.18 2.25689804129
0.19 2.25586455661
0.2 2.25484216363
0.21 2.25383009942
0.22 2.25282765485
0.23 2.25183417224
0.24 2.25084904221
0.25 2.24987170025
0.26 2.24890162323
0.27 2.24793832614
0.28 2.24698135907
0.29 2.2460303044
0.3 2.24508477429
0.31 2.24414440836
0.32 2.24320887164
0.33 2.24227785268
0.34 2.24135106177
0.35 2.24042822944
0.36 2.23950910499
0.37 2.23859345516
0.38 2.23768106296
0.39 2.23677172653
0.4 2.2358652581
0.41 2.23496148308
0.42 2.23406023917
0.43 2.23316137556
0.44 2.23226475216
0.45 2.23137023889
0.46 2.2304777151
0.47 2.22958706889
0.48 2.2286981966
0.49 2.22781100227
0.5 2.22692539712
0.51 2.22604129918
0.52 2.22515863275
0.53 2.22427732812
0.54 2.22339732109
0.55 2.22251855269
0.56 2.22164096882
0.57 2.22076451998
0.58 2.21988916092
0.59 2.21901485041
0.6 2.21814155101
0.61 2.21726922877
0.62 2.21639785304
0.63 2.21552739626
0.64 2.21465783377
0.65 2.21378914358
0.66 2.21292130625
0.67 2.21205430468
0.68 2.21118812399
0.69 2.21032275135
0.7 2.20945817584
0.71 2.20859438834
0.72 2.20773138138
0.73 2.20686914906
0.74 2.20600768693
0.75 2.20514699184
0.76 2.20428706194
0.77 2.20342789648
0.78 2.20256949583
0.79 2.20171186132
0.8 2.20085499519
0.81 2.19999890055
0.82 2.19914358127
0.83 2.19828904194
0.84 2.19743528779
0.85 2.19658232468
0.86 2.195730159
0.87 2.19487879763
0.88 2.19402824794
0.89 2.19317851767
0.9 2.19232961495
0.91 2.19148154824
0.92 2.1906343263
0.93 2.18978795816
0.94 2.18894245307
0.95 2.18809782049
0.96 2.18725407004
0.97 2.18641121152
0.98 2.18556925484
0.99 2.18472821002
