# Compound 3-phospho-D-glyceroylphosphate

0.0 3.68468571222
0.01 3.71618956508
0.02 3.74034825441
0.03 3.75701373133
0.04 3.76910379942
0.05 3.7778169058
0.06 3.78391255692
0.07 3.78793506741
0.08 3.79029939436
0.09 3.79133087228
0.1 3.79128661438
0.11 3.7904699542
0.12 3.78876435157
0.13 3.78665954865
0.14 3.78450525718
0.15 3.78247505953
0.16 3.78064942913
0.17 3.77905945637
0.18 3.77770996508
0.19 3.7765918354
0.2 3.77568866563
0.21 3.77498045066
0.22 3.7744456715
0.23 3.77406252184
0.24 3.77380965104
0.25 3.77366662344
0.26 3.77361420188
0.27 3.77363451575
0.28 3.77371114926
0.29 3.77382917277
0.3 3.77397513271
0.31 3.7741370116
0.32 3.77430416678
0.33 3.77446725471
0.34 3.77461814604
0.35 3.7747498358
0.36 3.77485635172
0.37 3.77493266319
0.38 3.77497459273
0.39 3.77497873112
0.4 3.77494235703
0.41 3.77486336188
0.42 3.77474018
0.43 3.77457172421
0.44 3.77435732692
0.45 3.77409668644
0.46 3.77378981825
0.47 3.77343701112
0.48 3.7730387876
0.49 3.77259586866
0.5 3.77210914215
0.51 3.77157963471
0.52 3.77100848686
0.53 3.77039693102
0.54 3.76974627207
0.55 3.76905787037
0.56 3.76833312679
0.57 3.76757346971
0.58 3.76678034369
0.59 3.76595519966
0.6 3.76509948649
0.61 3.7642146437
0.62 3.76330209528
0.63 3.76236324448
0.64 3.76139946935
0.65 3.76041211909
0.66 3.75940251102
0.67 3.75837192811
0.68 3.75732161705
0.69 3.7562527867
0.7 3.75516660701
0.71 3.75406420815
0.72 3.75294668007
0.73 3.75181507221
0.74 3.75067039348
0.75 3.74951361242
0.76 3.74834565748
0.77 3.74716741757
0.78 3.74597974252
0.79 3.74478344385
0.8 3.74357929549
0.81 3.74236803459
0.82 3.74115036247
0.83 3.73992694549
0.84 3.73869841606
0.85 3.73746537362
0.86 3.73622838565
0.87 3.73498798873
0.88 3.73374468955
0.89 3.73249896597
0.9 3.73125126805
0.91 3.73000201908
0.92 3.72875161661
0.93 3.72750043347
0.94 3.72624881876
0.95 3.72499709882
0.96 3.72374557822
0.97 3.72249454068
0.98 3.72124424998
0.99 3.7199949509
