# Compound analcohol

0.0 5.86707149918
0.01 6.11600472426
0.02 6.03968046617
0.03 6.00333485504
0.04 5.98354089842
0.05 5.96887292809
0.06 5.95558081984
0.07 5.94247449271
0.08 5.92931876845
0.09 5.91613118061
0.1 5.90303242774
0.11 5.88958035218
0.12 5.87781986636
0.13 5.86434279622
0.14 5.84920532816
0.15 5.83294265524
0.16 5.81609006529
0.17 5.79905419491
0.18 5.78210947518
0.19 5.7654283539
0.2 5.74911306478
0.21 5.7332202034
0.22 5.71777759951
0.23 5.70279522085
0.24 5.68827199749
0.25 5.67420003399
0.26 5.66056721007
0.27 5.6473588074
0.28 5.63455855126
0.29 5.62214929841
0.3 5.61011350663
0.31 5.59843356489
0.32 5.58709203064
0.33 5.57607180208
0.34 5.56535624317
0.35 5.55492927265
0.36 5.54477542547
0.37 5.53487989234
0.38 5.52522854224
0.39 5.51580793151
0.4 5.50660530238
0.41 5.49760857359
0.42 5.48880632492
0.43 5.48018777725
0.44 5.47174276952
0.45 5.4634617336
0.46 5.45533566782
0.47 5.44735610999
0.48 5.43951511015
0.49 5.43180520369
0.5 5.42421938497
0.51 5.41675108166
0.52 5.40939413006
0.53 5.40214275133
0.54 5.3949915288
0.55 5.38793538642
0.56 5.38096956825
0.57 5.37408961903
0.58 5.36729136587
0.59 5.36057090093
0.6 5.35392456511
0.61 5.3473489327
0.62 5.34084079696
0.63 5.3343971565
0.64 5.32801520259
0.65 5.32169230712
0.66 5.31542601142
0.67 5.30921401569
0.68 5.30305416908
0.69 5.29694446039
0.7 5.2908830094
0.71 5.28486805864
0.72 5.27889796569
0.73 5.27297119604
0.74 5.26708631626
0.75 5.26124198765
0.76 5.25543696031
0.77 5.24967006748
0.78 5.24394022034
0.79 5.23824640298
0.8 5.23258766785
0.81 5.22696313131
0.82 5.22137196958
0.83 5.21581341484
0.84 5.21028675167
0.85 5.20479131355
0.86 5.19932647975
0.87 5.19389167224
0.88 5.18848635291
0.89 5.18311002089
0.9 5.17776221004
0.91 5.17244248661
0.92 5.16715044703
0.93 5.1618857158
0.94 5.1566479436
0.95 5.15143680538
0.96 5.14625199869
0.97 5.14109324204
0.98 5.13596027338
0.99 5.13085284867
