# Compound coniferol

0.0 6.77299606489
0.01 7.38345670244
0.02 7.30917380522
0.03 7.32739045277
0.04 7.37025529455
0.05 7.41481590051
0.06 7.45435442354
0.07 7.48737483617
0.08 7.51421095243
0.09 7.53559413762
0.1 7.55235794253
0.11 7.56417195737
0.12 7.57541072163
0.13 7.5799772247
0.14 7.5783927598
0.15 7.57203379885
0.16 7.56222749375
0.17 7.5500165733
0.18 7.53615997272
0.19 7.52119526101
0.2 7.50550251167
0.21 7.48935372141
0.22 7.47294719211
0.23 7.45643033862
0.24 7.43991456647
0.25 7.42348501837
0.26 7.40720709157
0.27 7.39113093861
0.28 7.37529469708
0.29 7.35972689859
0.3 7.34444832732
0.31 7.32947349247
0.32 7.31481181696
0.33 7.30046860882
0.34 7.28644586057
0.35 7.27274290932
0.36 7.25935698252
0.37 7.24628364885
0.38 7.23351719026
0.39 7.22105090824
0.4 7.20887737532
0.41 7.19698864085
0.42 7.18537639896
0.43 7.17403212484
0.44 7.16294718503
0.45 7.15211292594
0.46 7.14152074454
0.47 7.13116214425
0.48 7.12102877866
0.49 7.11111248521
0.5 7.1014053106
0.51 7.09189952954
0.52 7.08258765784
0.53 7.07346246115
0.54 7.06451695991
0.55 7.0557444314
0.56 7.04713840943
0.57 7.03869268208
0.58 7.03040128796
0.59 7.02225851133
0.6 7.01425887623
0.61 7.00639714001
0.62 6.99866828631
0.63 6.99106751772
0.64 6.9835902482
0.65 6.97623209537
0.66 6.96898887274
0.67 6.96185658203
0.68 6.95483140551
0.69 6.94790969843
0.7 6.94108798167
0.71 6.93436293451
0.72 6.92773138764
0.73 6.92119031634
0.74 6.91473683389
0.75 6.90836818522
0.76 6.90208174079
0.77 6.89587499065
0.78 6.8897455388
0.79 6.88369109776
0.8 6.87770948331
0.81 6.87179860955
0.82 6.86595648405
0.83 6.86018120334
0.84 6.85447094852
0.85 6.84882398107
0.86 6.84323863891
0.87 6.83771333258
0.88 6.83224654163
0.89 6.82683681119
0.9 6.82148274868
0.91 6.81618302066
0.92 6.81093634994
0.93 6.80574151265
0.94 6.80059733566
0.95 6.79550269395
0.96 6.79045650822
0.97 6.7854577426
0.98 6.78050540241
0.99 6.77559853215
