# Compound acceptor

0.0 9.04678926764
0.01 9.20786424489
0.02 9.30650968841
0.03 9.47229263654
0.04 9.61985025032
0.05 9.74104914745
0.06 9.83815801376
0.07 9.91557707757
0.08 9.97778356635
0.09 10.0275958463
0.1 10.0686490769
0.11 10.0962595459
0.12 10.1212106423
0.13 10.1624572044
0.14 10.210523633
0.15 10.2601169582
0.16 10.3084727824
0.17 10.3542624248
0.18 10.396940962
0.19 10.4363758104
0.2 10.4726410418
0.21 10.5059062445
0.22 10.5363781264
0.23 10.564270967
0.24 10.5897925089
0.25 10.6131378925
0.26 10.6344876325
0.27 10.6540075185
0.28 10.671849353
0.29 10.6881519893
0.3 10.7030424225
0.31 10.716636826
0.32 10.7290415021
0.33 10.7403537385
0.34 10.7506625817
0.35 10.760049536
0.36 10.7685891989
0.37 10.7763498424
0.38 10.7833939449
0.39 10.7897786815
0.4 10.7955563744
0.41 10.800774908
0.42 10.8054781115
0.43 10.8097061101
0.44 10.8134956481
0.45 10.816880386
0.46 10.8198911713
0.47 10.8225562879
0.48 10.824901683
0.49 10.826951175
0.5 10.8287266423
0.51 10.830248196
0.52 10.8315343369
0.53 10.8326020979
0.54 10.8334671741
0.55 10.8341440402
0.56 10.834646058
0.57 10.8349855733
0.58 10.8351740039
0.59 10.8352219196
0.6 10.8351391152
0.61 10.8349346756
0.62 10.8346170361
0.63 10.8341940361
0.64 10.8336729687
0.65 10.8330606253
0.66 10.8323633357
0.67 10.8315870055
0.68 10.8307371492
0.69 10.8298189209
0.7 10.828837142
0.71 10.8277963261
0.72 10.8267007026
0.73 10.8255542372
0.74 10.8243606513
0.75 10.8231234395
0.76 10.8218458854
0.77 10.8205310765
0.78 10.8191819177
0.79 10.8178011431
0.8 10.8163913281
0.81 10.8149548991
0.82 10.8134941435
0.83 10.8120112185
0.84 10.8105081591
0.85 10.8089868855
0.86 10.8074492107
0.87 10.805896846
0.88 10.8043314078
0.89 10.802754423
0.9 10.8011673337
0.91 10.7995715025
0.92 10.7979682169
0.93 10.7963586932
0.94 10.7947440807
0.95 10.7931254655
0.96 10.7915038732
0.97 10.7898802731
0.98 10.7882555804
0.99 10.7866306593
