# Compound 6-phospho-beta-D-glucosyl-(1,4)-D-glucose

0.0 0.62203289511
0.01 0.627081598476
0.02 0.644930725906
0.03 0.673607281116
0.04 0.711246580153
0.05 0.756203131061
0.06 0.807073526092
0.07 0.862645939653
0.08 0.921908482662
0.09 0.983934779402
0.1 1.04792504995
0.11 1.11282507803
0.12 1.1788444187
0.13 1.24620548727
0.14 1.31399453574
0.15 1.38164183366
0.16 1.44879481201
0.17 1.51523655376
0.18 1.58083506402
0.19 1.64551188227
0.2 1.70922258033
0.21 1.77194454215
0.22 1.83366922671
0.23 1.89439721423
0.24 1.95413499801
0.25 2.01289288297
0.26 2.070683594
0.27 2.12752134508
0.28 2.18342121106
0.29 2.23839870103
0.3 2.2924694674
0.31 2.34564910787
0.32 2.39795303138
0.33 2.44939636902
0.34 2.49999391655
0.35 2.54976009956
0.36 2.59870895474
0.37 2.64685412283
0.38 2.69420884987
0.39 2.74078599438
0.4 2.78659803871
0.41 2.83165710318
0.42 2.87597496213
0.43 2.919563061
0.44 2.96243253398
0.45 3.00459422173
0.46 3.04605868893
0.47 3.08683624136
0.48 3.12693694237
0.49 3.16637062862
0.5 3.20514692498
0.51 3.24327525859
0.52 3.28076487203
0.53 3.31762483553
0.54 3.3538640584
0.55 3.38949129945
0.56 3.42451517668
0.57 3.4589441761
0.58 3.49278665976
0.59 3.52605087307
0.6 3.55874495142
0.61 3.59087692615
0.62 3.62245472991
0.63 3.65348620141
0.64 3.68397908975
0.65 3.7139410581
0.66 3.74337968715
0.67 3.77230247792
0.68 3.80071685437
0.69 3.82863016557
0.7 3.85604968763
0.71 3.88298262527
0.72 3.90943611322
0.73 3.93541721733
0.74 3.96093293552
0.75 3.98599019851
0.76 4.01059587045
0.77 4.03475674932
0.78 4.05847956734
0.79 4.0817709911
0.8 4.10463762175
0.81 4.12708599507
0.82 4.14912258141
0.83 4.17075378565
0.84 4.1919859471
0.85 4.21282533933
0.86 4.23327817004
0.87 4.25335058083
0.88 4.27304864702
0.89 4.29237837745
0.9 4.31134571424
0.91 4.32995653264
0.92 4.34821664076
0.93 4.36613177948
0.94 4.38370762219
0.95 4.4009497747
0.96 4.41786377508
0.97 4.43445509359
0.98 4.45072913253
0.99 4.46669122626
