# Compound alpha,alpha-trehalose6-phosphate

0.0 6.53649030404
0.01 6.91097194235
0.02 7.02682336519
0.03 7.15911007278
0.04 7.30492708817
0.05 7.47032582661
0.06 7.66579591063
0.07 7.87253810937
0.08 8.14550500226
0.09 8.45888203466
0.1 8.89907570829
0.11 8.42337876843
0.12 8.44806507084
0.13 8.51367085908
0.14 8.58707730914
0.15 8.65794303943
0.16 8.72358301486
0.17 8.78375216104
0.18 8.83885073048
0.19 8.88934394713
0.2 8.93560888122
0.21 8.97792210323
0.22 9.01648507547
0.23 9.05145254034
0.24 9.08295427569
0.25 9.11110927087
0.26 9.13603389019
0.27 9.15784591355
0.28 9.17666600303
0.29 9.19261769561
0.3 9.20582664143
0.31 9.21641952924
0.32 9.22452295416
0.33 9.23026236342
0.34 9.23376114339
0.35 9.2351398689
0.36 9.23451571275
0.37 9.23200200163
0.38 9.22770789996
0.39 9.22173820187
0.4 9.21419321264
0.41 9.20516870256
0.42 9.19475591864
0.43 9.18304164147
0.44 9.17010827678
0.45 9.15603397307
0.46 9.14089275819
0.47 9.12475468914
0.48 9.10768601041
0.49 9.0897493173
0.5 9.07100372127
0.51 9.05150501503
0.52 9.03130583564
0.53 9.01045582437
0.54 8.9890017822
0.55 8.96698782038
0.56 8.94445550546
0.57 8.92144399848
0.58 8.89799018823
0.59 8.87412881834
0.6 8.84989260836
0.61 8.82531236876
0.62 8.80041711011
0.63 8.77523414647
0.64 8.74978919327
0.65 8.72410645976
0.66 8.69820873645
0.67 8.67211747749
0.68 8.64585287842
0.69 8.61943394947
0.7 8.59287858456
0.71 8.56620362627
0.72 8.53942492705
0.73 8.51255740674
0.74 8.48561510671
0.75 8.45861124078
0.76 8.43155824311
0.77 8.40446781318
0.78 8.37735095812
0.79 8.3502180325
0.8 8.32307877568
0.81 8.29594234697
0.82 8.26881735868
0.83 8.24171190716
0.84 8.21463360199
0.85 8.1875895934
0.86 8.16058659816
0.87 8.13363092374
0.88 8.10672849124
0.89 8.07988485679
0.9 8.05310523178
0.91 8.0263945019
0.92 7.99975724499
0.93 7.97319774793
0.94 7.94672002249
0.95 7.92032782029
0.96 7.89402464687
0.97 7.86781377497
0.98 7.84169825706
0.99 7.81568093713
