# Compound D-fructose

0.0 4.15205640586
0.01 4.12568396375
0.02 4.19363543279
0.03 4.32122383872
0.04 4.43547847887
0.05 4.52341515639
0.06 4.57912563773
0.07 4.61807027246
0.08 4.60496913813
0.09 4.56010907098
0.1 4.41150378551
0.11 2.04784405013
0.12 3.01248211817
0.13 3.73115330768
0.14 4.28369529607
0.15 4.71633611578
0.16 5.05879317534
0.17 5.33165880864
0.18 5.54994901758
0.19 5.72498523558
0.2 5.86548934571
0.21 5.97827568098
0.22 6.06871879568
0.23 6.14108612436
0.24 6.1987832085
0.25 6.2445389401
0.26 6.28054779463
0.27 6.30858024011
0.28 6.33006908971
0.29 6.34617740535
0.3 6.35785211495
0.31 6.36586649127
0.32 6.37085390414
0.33 6.37333470943
0.34 6.37373772367
0.35 6.37241741546
0.36 6.36966770057
0.37 6.36573303759
0.38 6.36081737331
0.39 6.3550913718
0.4 6.34869827051
0.41 6.3417586359
0.42 6.33437423513
0.43 6.32663119624
0.44 6.31860259455
0.45 6.31035057511
0.46 6.30192809945
0.47 6.29338038734
0.48 6.28474611027
0.49 6.27605838251
0.5 6.2673455867
0.51 6.25863206378
0.52 6.24993869145
0.53 6.24128337082
0.54 6.2326814372
0.55 6.22414600798
0.56 6.21568827842
0.57 6.20731777375
0.58 6.19904256501
0.59 6.19086945429
0.6 6.18280413441
0.61 6.17485132678
0.62 6.167014901
0.63 6.15929797889
0.64 6.15170302512
0.65 6.14423192654
0.66 6.13688606172
0.67 6.12966636211
0.68 6.12257336585
0.69 6.11560726533
0.7 6.10876794933
0.71 6.10205504024
0.72 6.09546792723
0.73 6.08900579565
0.74 6.08266765327
0.75 6.07645235363
0.76 6.07035861687
0.77 6.06438504839
0.78 6.0585301554
0.79 6.05279236186
0.8 6.04717002168
0.81 6.04166143068
0.82 6.03626483713
0.83 6.03097845129
0.84 6.02580045386
0.85 6.02072900355
0.86 6.01576224383
0.87 6.01089830892
0.88 6.00613532916
0.89 6.00147143573
0.9 5.99690476485
0.91 5.99243346153
0.92 5.98805568281
0.93 5.98376960066
0.94 5.97957340448
0.95 5.97546530333
0.96 5.97144352776
0.97 5.96750633154
0.98 5.96365199298
0.99 5.95987881614
