# Compound glucose

0.0 6.05675003257
0.01 6.20662144413
0.02 5.31082276397
0.03 4.74742347548
0.04 4.38665042453
0.05 4.1405648541
0.06 3.96616747113
0.07 3.83949989652
0.08 3.74611614564
0.09 3.67662723716
0.1 3.6246644714
0.11 3.58602016754
0.12 3.54911099826
0.13 3.50992607513
0.14 3.47048083591
0.15 3.43292089803
0.16 3.39856272995
0.17 3.36792415985
0.18 3.34098860716
0.19 3.3174496588
0.2 3.2968794539
0.21 3.2788281318
0.22 3.26287523384
0.23 3.24865167003
0.24 3.23584529537
0.25 3.22419823841
0.26 3.21350067971
0.27 3.20358360525
0.28 3.19431178142
0.29 3.18557748829
0.3 3.17729517569
0.31 3.16939702557
0.32 3.16182932695
0.33 3.15454954547
0.34 3.14752397075
0.35 3.14072583657
0.36 3.13413382417
0.37 3.12773087424
0.38 3.12150324629
0.39 3.11543977619
0.4 3.10953129167
0.41 3.10377015386
0.42 3.098149899
0.43 3.09266495969
0.44 3.0873104491
0.45 3.08208199495
0.46 3.07697561262
0.47 3.07198760899
0.48 3.06711451032
0.49 3.06235300872
0.5 3.0576999231
0.51 3.05315217116
0.52 3.04870674978
0.53 3.04436072189
0.54 3.04011120791
0.55 3.03595538076
0.56 3.03189046342
0.57 3.0279137281
0.58 3.02402249669
0.59 3.02021414194
0.6 3.01648608906
0.61 3.01283581747
0.62 3.00926086263
0.63 3.00575881773
0.64 3.0023273352
0.65 2.99896412799
0.66 2.99566697064
0.67 2.99243369996
0.68 2.98926221558
0.69 2.98615048014
0.7 2.98309651925
0.71 2.98009842124
0.72 2.9771543367
0.73 2.97426247779
0.74 2.97142111745
0.75 2.96862858836
0.76 2.96588328191
0.77 2.96318364693
0.78 2.9605281884
0.79 2.95791546609
0.8 2.95534409311
0.81 2.95281273443
0.82 2.95032010537
0.83 2.94786497006
0.84 2.94544613991
0.85 2.94306247203
0.86 2.94071286771
0.87 2.93839627087
0.88 2.93611166656
0.89 2.93385807944
0.9 2.93163457235
0.91 2.92944024481
0.92 2.92727423165
0.93 2.92513570166
0.94 2.92302385617
0.95 2.92093792785
0.96 2.91887717935
0.97 2.91684090217
0.98 2.91482841539
0.99 2.9128390646
