# Compound proteinbeta-D-galactosyl-L-hydroxylysine

0.0 0.0517686411334
0.01 0.714893706132
0.02 0.764317026252
0.03 0.923214110666
0.04 1.10200321661
0.05 1.27892099465
0.06 1.447566712
0.07 1.60644384003
0.08 1.755788069
0.09 1.8961761324
0.1 2.02842143358
0.11 2.15184676676
0.12 2.27072498056
0.13 2.38235833691
0.14 2.48644517646
0.15 2.58360831405
0.16 2.67462893891
0.17 2.76020522061
0.18 2.8409070864
0.19 2.91719172238
0.2 2.98943048548
0.21 3.05793223354
0.22 3.12296034013
0.23 3.18474432206
0.24 3.2434876422
0.25 3.2993729975
0.26 3.35256600514
0.27 3.40321787259
0.28 3.45146741291
0.29 3.49744262421
0.3 3.54126196677
0.31 3.58303542026
0.32 3.62286537456
0.33 3.66084738979
0.34 3.69707085095
0.35 3.73161953598
0.36 3.76457211165
0.37 3.79600256896
0.38 3.82598060704
0.39 3.8545719736
0.4 3.88183876788
0.41 3.90783971163
0.42 3.93263039233
0.43 3.95626348251
0.44 3.97878893816
0.45 4.00025417885
0.46 4.02070425187
0.47 4.04018198222
0.48 4.05872811003
0.49 4.07638141687
0.5 4.09317884214
0.51 4.10915559041
0.52 4.12434523089
0.53 4.13877978951
0.54 4.15248983453
0.55 4.16550455612
0.56 4.17785184056
0.57 4.18955833943
0.58 4.20064953431
0.59 4.21114979724
0.6 4.22108244744
0.61 4.2304698044
0.62 4.23933323783
0.63 4.24769321449
0.64 4.25556934228
0.65 4.2629804118
0.66 4.26994443537
0.67 4.27647868399
0.68 4.2825997221
0.69 4.28832344044
0.7 4.29366508714
0.71 4.29863929705
0.72 4.30326011959
0.73 4.30754104506
0.74 4.31149502953
0.75 4.31513451856
0.76 4.31847146961
0.77 4.32151737328
0.78 4.32428327359
0.79 4.32677978718
0.8 4.32901712154
0.81 4.33100509238
0.82 4.33275314017
0.83 4.33427034588
0.84 4.33556544591
0.85 4.33664684641
0.86 4.33752263682
0.87 4.33820060293
0.88 4.33868823913
0.89 4.33899276031
0.9 4.33912111308
0.91 4.33907998652
0.92 4.3388758225
0.93 4.33851482542
0.94 4.33800297166
0.95 4.33734601854
0.96 4.33654951287
0.97 4.33561879919
0.98 4.33455902759
0.99 4.33337516126
