# Compound beta-D-glucose6-phosphate

0.0 5.64045577568
0.01 5.64045577568
0.02 5.64045577568
0.03 5.64045577568
0.04 5.64045577568
0.05 5.64045577568
0.06 5.64045577568
0.07 5.64045577568
0.08 5.64045577568
0.09 5.64045577568
0.1 5.64045577568
0.11 5.64045577568
0.12 5.64045577568
0.13 5.64045577568
0.14 5.64045577568
0.15 5.64045577568
0.16 5.64045577568
0.17 5.64045577568
0.18 5.64045577568
0.19 5.64045577568
0.2 5.64045577568
0.21 5.64045577568
0.22 5.64045577568
0.23 5.64045577568
0.24 5.64045577568
0.25 5.64045577568
0.26 5.64045577568
0.27 5.64045577568
0.28 5.64045577568
0.29 5.64045577568
0.3 5.64045577568
0.31 5.64045577568
0.32 5.64045577568
0.33 5.64045577568
0.34 5.64045577568
0.35 5.64045577568
0.36 5.64045577568
0.37 5.64045577568
0.38 5.64045577568
0.39 5.64045577568
0.4 5.64045577568
0.41 5.64045577568
0.42 5.64045577568
0.43 5.64045577568
0.44 5.64045577568
0.45 5.64045577568
0.46 5.64045577568
0.47 5.64045577568
0.48 5.64045577568
0.49 5.64045577568
0.5 5.64045577568
0.51 5.64045577568
0.52 5.64045577568
0.53 5.64045577568
0.54 5.64045577568
0.55 5.64045577568
0.56 5.64045577568
0.57 5.64045577568
0.58 5.64045577568
0.59 5.64045577568
0.6 5.64045577568
0.61 5.64045577568
0.62 5.64045577568
0.63 5.64045577568
0.64 5.64045577568
0.65 5.64045577568
0.66 5.64045577568
0.67 5.64045577568
0.68 5.64045577568
0.69 5.64045577568
0.7 5.64045577568
0.71 5.64045577568
0.72 5.64045577568
0.73 5.64045577568
0.74 5.64045577568
0.75 5.64045577568
0.76 5.64045577568
0.77 5.64045577568
0.78 5.64045577568
0.79 5.64045577568
0.8 5.64045577568
0.81 5.64045577568
0.82 5.64045577568
0.83 5.64045577568
0.84 5.64045577568
0.85 5.64045577568
0.86 5.64045577568
0.87 5.64045577568
0.88 5.64045577568
0.89 5.64045577568
0.9 5.64045577568
0.91 5.64045577568
0.92 5.64045577568
0.93 5.64045577568
0.94 5.64045577568
0.95 5.64045577568
0.96 5.64045577568
0.97 5.64045577568
0.98 5.64045577568
0.99 5.64045577568
