# Compound 1,4-alpha-D-glucooligosaccharide

0.0 8.92833781496
0.01 8.90454556869
0.02 8.88183401451
0.03 8.86015636385
0.04 8.83946764397
0.05 8.81972464708
0.06 8.80088587878
0.07 8.78291150639
0.08 8.76576330716
0.09 8.74940461662
0.1 8.73380027735
0.11 8.71891658817
0.12 8.70472125397
0.13 8.69118333629
0.14 8.67827320477
0.15 8.66596248948
0.16 8.65422403428
0.17 8.64303185121
0.18 8.63236107603
0.19 8.62218792485
0.2 8.61248965196
0.21 8.60324450889
0.22 8.59443170456
0.23 8.58603136678
0.24 8.57802450487
0.25 8.57039297351
0.26 8.56311943785
0.27 8.55618733967
0.28 8.5495808649
0.29 8.54328491212
0.3 8.53728506235
0.31 8.53156754981
0.32 8.5261192339
0.33 8.52092757214
0.34 8.51598059421
0.35 8.51126687701
0.36 8.50677552063
0.37 8.50249612535
0.38 8.49841876953
0.39 8.49453398841
0.4 8.49083275376
0.41 8.48730645439
0.42 8.48394687746
0.43 8.4807461906
0.44 8.47769692471
0.45 8.47479195759
0.46 8.47202449821
0.47 8.46938807164
0.48 8.46687650471
0.49 8.46448391219
0.5 8.46220468364
0.51 8.46003347086
0.52 8.45796517579
0.53 8.45599493905
0.54 8.45411812895
0.55 8.45233033094
0.56 8.45062733764
0.57 8.44900513922
0.58 8.44745991422
0.59 8.44598802089
0.6 8.44458598875
0.61 8.44325051069
0.62 8.44197843535
0.63 8.44076675982
0.64 8.43961262278
0.65 8.43851329784
0.66 8.43746618724
0.67 8.43646881585
0.68 8.43551882541
0.69 8.43461396907
0.7 8.43375210613
0.71 8.43293119712
0.72 8.43214929898
0.73 8.43140456057
0.74 8.43069521836
0.75 8.43001959224
0.76 8.42937608167
0.77 8.4287631619
0.78 8.4281793804
0.79 8.42762335343
0.8 8.42709376286
0.81 8.42658935301
0.82 8.42610892772
0.83 8.42565134756
0.84 8.42521552714
0.85 8.42480043254
0.86 8.42440507888
0.87 8.42402852804
0.88 8.42366988639
0.89 8.42332830272
0.9 8.42300296622
0.91 8.42269310459
0.92 8.42239798216
0.93 8.42211689824
0.94 8.42184918539
0.95 8.42159420785
0.96 8.4213513601
0.97 8.42112006536
0.98 8.42089977426
0.99 8.42068996351
