# Compound Phosphatidylglycerol

0.0 0.585170811391
0.01 0.594411246404
0.02 0.603159346413
0.03 0.611441030616
0.04 0.619280886354
0.05 0.626702234118
0.06 0.633727189754
0.07 0.640376723933
0.08 0.64667071898
0.09 0.652628023148
0.1 0.658266502414
0.11 0.663603089893
0.12 0.66865383296
0.13 0.67343393815
0.14 0.677957813939
0.15 0.682239111483
0.16 0.686290763401
0.17 0.690125020671
0.18 0.693753487737
0.19 0.697187155894
0.2 0.700436435023
0.21 0.703511183755
0.22 0.706420738135
0.23 0.709173938845
0.24 0.711779157068
0.25 0.714244319035
0.26 0.716576929341
0.27 0.718784093064
0.28 0.720872536766
0.29 0.722848628406
0.3 0.724718396248
0.31 0.726487546777
0.32 0.728161481705
0.33 0.729745314091
0.34 0.731243883622
0.35 0.732661771106
0.36 0.734003312204
0.37 0.735272610452
0.38 0.736473549595
0.39 0.73760980528
0.4 0.738684856134
0.41 0.739701994259
0.42 0.740664335176
0.43 0.741574827242
0.44 0.742436260578
0.45 0.743251275513
0.46 0.744022370596
0.47 0.744751910168
0.48 0.745442131548
0.49 0.746095151827
0.5 0.746712974303
0.51 0.747297494581
0.52 0.747850506337
0.53 0.748373706789
0.54 0.748868701862
0.55 0.749337011088
0.56 0.749780072241
0.57 0.750199245726
0.58 0.750595818731
0.59 0.750971009157
0.6 0.751325969345
0.61 0.751661789593
0.62 0.751979501492
0.63 0.752280081083
0.64 0.752564451838
0.65 0.752833487495
0.66 0.753088014725
0.67 0.753328815666
0.68 0.753556630321
0.69 0.753772158823
0.7 0.75397606358
0.71 0.754168971307
0.72 0.754351474946
0.73 0.754524135483
0.74 0.754687483673
0.75 0.754842021663
0.76 0.754988224535
0.77 0.755126541761
0.78 0.755257398586
0.79 0.755381197331
0.8 0.755498318629
0.81 0.75560912259
0.82 0.755713949912
0.83 0.755813122924
0.84 0.755906946573
0.85 0.755995709368
0.86 0.75607968426
0.87 0.75615912948
0.88 0.756234289337
0.89 0.756305394965
0.9 0.756372665035
0.91 0.756436306425
0.92 0.756496514855
0.93 0.756553475494
0.94 0.756607363521
0.95 0.75665834467
0.96 0.756706575735
0.97 0.756752205056
0.98 0.75679537297
0.99 0.756836212247
