# Compound anO-glucosylsterol

0.0 2.66238866411
0.01 3.14886728543
0.02 3.34775999891
0.03 3.57082182086
0.04 3.81868936902
0.05 4.09340835239
0.06 4.39846104145
0.07 4.70825400235
0.08 5.05840448603
0.09 5.41478409189
0.1 5.81631761032
0.11 6.98354231458
0.12 6.7743624089
0.13 6.64216324555
0.14 6.55600766813
0.15 6.49869965327
0.16 6.46001510572
0.17 6.43356882207
0.18 6.41524178095
0.19 6.40232316595
0.2 6.39300783923
0.21 6.38608604573
0.22 6.38074481587
0.23 6.37643785303
0.24 6.37279898755
0.25 6.36958403179
0.26 6.36663145399
0.27 6.36383566229
0.28 6.36112880599
0.29 6.35846836318
0.3 6.35582867598
0.31 6.35319518668
0.32 6.35056052515
0.33 6.34792186598
0.34 6.34527915615
0.35 6.34263393855
0.36 6.33998858221
0.37 6.33734578888
0.38 6.33470828622
0.39 6.33207864585
0.4 6.32945918398
0.41 6.32685191566
0.42 6.32425854303
0.43 6.32168046433
0.44 6.31911879479
0.45 6.31657439367
0.46 6.31404789363
0.47 6.31153973008
0.48 6.3090501692
0.49 6.30657933376
0.5 6.30412722641
0.51 6.30169375038
0.52 6.29927872759
0.53 6.29688191434
0.54 6.29450301486
0.55 6.29214169276
0.56 6.28979758086
0.57 6.28747028938
0.58 6.28515941282
0.59 6.28286453574
0.6 6.28058523746
0.61 6.27832109597
0.62 6.27607169109
0.63 6.27383660709
0.64 6.27161543467
0.65 6.26940777261
0.66 6.26721322905
0.67 6.26503142238
0.68 6.26286198197
0.69 6.26070454866
0.7 6.25855877504
0.71 6.25642432562
0.72 6.25430087692
0.73 6.25218811735
0.74 6.25008574713
0.75 6.24799347811
0.76 6.2459110335
0.77 6.24383814761
0.78 6.24177456555
0.79 6.23972004292
0.8 6.23767434545
0.81 6.23563724863
0.82 6.23360853742
0.83 6.23158800584
0.84 6.22957545664
0.85 6.22757070094
0.86 6.22557355789
0.87 6.22358385435
0.88 6.2216014245
0.89 6.2196261096
0.9 6.21765775763
0.91 6.21569622298
0.92 6.21374136619
0.93 6.21179305367
0.94 6.2098511574
0.95 6.2079155547
0.96 6.20598612797
0.97 6.20406276444
0.98 6.20214535598
0.99 6.20023379885
