# Compound D-glucose

0.0 9.86763722743
0.01 10.4528898543
0.02 7.35535244841
0.03 6.47250795974
0.04 6.2188097053
0.05 6.15329811223
0.06 6.15035294922
0.07 6.13951003093
0.08 6.15660817054
0.09 6.14959039229
0.1 6.15087194445
0.11 6.26837021908
0.12 5.76321323465
0.13 5.44401887996
0.14 5.2425273978
0.15 5.11206164011
0.16 5.02394087514
0.17 4.96127944707
0.18 4.91430280655
0.19 4.87737228204
0.2 4.84721269147
0.21 4.82188711656
0.22 4.80021358999
0.23 4.78143698029
0.24 4.7650460595
0.25 4.75067218507
0.26 4.73803335648
0.27 4.7269032298
0.28 4.71709372159
0.29 4.70844494961
0.3 4.70081911555
0.31 4.69409651263
0.32 4.6881726985
0.33 4.68295633392
0.34 4.67836742944
0.35 4.67433586717
0.36 4.67080012745
0.37 4.66770618107
0.38 4.66500652244
0.39 4.66265932574
0.4 4.66062770997
0.41 4.65887909988
0.42 4.65738467168
0.43 4.65611887283
0.44 4.65505900663
0.45 4.65418487303
0.46 4.65347845819
0.47 4.65292366597
0.48 4.65250608572
0.49 4.65221279118
0.5 4.65203216616
0.51 4.65195375318
0.52 4.651968122
0.53 4.65206675496
0.54 4.65224194709
0.55 4.65248671873
0.56 4.65279473896
0.57 4.65316025848
0.58 4.65357805048
0.59 4.65404335858
0.6 4.65455185075
0.61 4.65509957858
0.62 4.6556829411
0.63 4.65629865253
0.64 4.65694371358
0.65 4.6576153858
0.66 4.65831116853
0.67 4.65902877824
0.68 4.65976612993
0.69 4.66052132036
0.7 4.66129261282
0.71 4.66207842341
0.72 4.66287730851
0.73 4.66368795345
0.74 4.66450916208
0.75 4.66533984735
0.76 4.66617902262
0.77 4.66702579367
0.78 4.66787935146
0.79 4.6687389654
0.8 4.66960397714
0.81 4.67047379491
0.82 4.67134788821
0.83 4.67222578299
0.84 4.67310705716
0.85 4.67399133636
0.86 4.67487829019
0.87 4.67576762857
0.88 4.67665909843
0.89 4.67755248067
0.9 4.67844758728
0.91 4.67934425867
0.92 4.68024236126
0.93 4.68114178512
0.94 4.68204244193
0.95 4.68294426294
0.96 4.68384719719
0.97 4.68475120979
0.98 4.68565628036
0.99 4.68656240154
