# Compound zeatin

0.0 5.70562665032
0.01 5.19823874384
0.02 5.00286833277
0.03 4.78049496113
0.04 4.52923870293
0.05 4.24478689122
0.06 3.92005634089
0.07 3.58421963185
0.08 3.18562921303
0.09 2.76428243903
0.1 2.25174362661
0.11 0.301769080704
0.12 0.811266495504
0.13 1.15385731685
0.14 1.39047545996
0.15 1.5566347048
0.16 1.67462274697
0.17 1.75914555937
0.18 1.82021156142
0.19 1.86475739108
0.2 1.89764164674
0.21 1.92228814352
0.22 1.94111786623
0.23 1.95584562314
0.24 1.96768660789
0.25 1.9775014936
0.26 1.98589894565
0.27 1.99330834274
0.28 2.0000315113
0.29 2.0062796022
0.3 2.01219940936
0.31 2.01789216363
0.32 2.02342695254
0.33 2.02885029551
0.34 2.03419296615
0.35 2.03947484225
0.36 2.04470834287
0.37 2.04990085383
0.38 2.05505642986
0.39 2.06017698039
0.4 2.06526308792
0.41 2.07031456563
0.42 2.07533083103
0.43 2.08031115048
0.44 2.08525479386
0.45 2.09016112735
0.46 2.09502966415
0.47 2.09986008717
0.48 2.10465225354
0.49 2.10940618772
0.5 2.114122068
0.51 2.11880020947
0.52 2.12344104569
0.53 2.12804511032
0.54 2.13261301963
0.55 2.13714545629
0.56 2.14164315482
0.57 2.14610688865
0.58 2.15053745878
0.59 2.15493568407
0.6 2.15930239293
0.61 2.16363841633
0.62 2.1679445819
0.63 2.17222170919
0.64 2.17647060569
0.65 2.18069206368
0.66 2.18488685778
0.67 2.18905574301
0.68 2.19319945335
0.69 2.19731870075
0.7 2.2014141744
0.71 2.20548654036
0.72 2.20953644141
0.73 2.21356449706
0.74 2.21757130374
0.75 2.22155743517
0.76 2.22552344272
0.77 2.22946985596
0.78 2.23339718319
0.79 2.23730591211
0.8 2.24119651041
0.81 2.24506942647
0.82 2.24892509002
0.83 2.25276391287
0.84 2.25658628956
0.85 2.26039259806
0.86 2.26418320045
0.87 2.26795844356
0.88 2.27171865967
0.89 2.27546416707
0.9 2.27919527074
0.91 2.28291226291
0.92 2.28661542362
0.93 2.29030502131
0.94 2.29398131333
0.95 2.29764454647
0.96 2.30129495741
0.97 2.30493277324
0.98 2.30855821188
0.99 2.31217148252
