# Compound glycogenin

0.0 0.311285406481
0.01 0.277912571913
0.02 0.291214831515
0.03 0.303187600894
0.04 0.312954501745
0.05 0.318433409273
0.06 0.31618280753
0.07 0.311267109874
0.08 0.285219679681
0.09 0.246236943982
0.1 0.160258433616
0.11 0.52949508121
0.12 0.633003111232
0.13 0.685410312826
0.14 0.712644703388
0.15 0.726925535852
0.16 0.734420512523
0.17 0.738376276634
0.18 0.740537406309
0.19 0.741844257487
0.2 0.742797153777
0.21 0.743653943658
0.22 0.744539521544
0.23 0.745507088383
0.24 0.746572388006
0.25 0.747732662743
0.26 0.748976957228
0.27 0.750291549906
0.28 0.751662672725
0.29 0.753077750278
0.3 0.75452585456
0.31 0.755997763841
0.32 0.757485838145
0.33 0.758983824211
0.34 0.760486647064
0.35 0.761990214891
0.36 0.763491247716
0.37 0.764987132152
0.38 0.766475800709
0.39 0.76795563259
0.4 0.769425372584
0.41 0.770884064844
0.42 0.772330998788
0.43 0.773765664788
0.44 0.775187717769
0.45 0.776596947205
0.46 0.777993252307
0.47 0.779376621439
0.48 0.780747115018
0.49 0.782104851266
0.5 0.783449994335
0.51 0.784782744408
0.52 0.786103329453
0.53 0.787411998348
0.54 0.788709015176
0.55 0.789994654502
0.56 0.791269197457
0.57 0.792532928536
0.58 0.793786132968
0.59 0.795029094584
0.6 0.796262094099
0.61 0.797485407746
0.62 0.798699306199
0.63 0.799904053744
0.64 0.80109990765
0.65 0.802287117721
0.66 0.803465925978
0.67 0.804636566466
0.68 0.805799265153
0.69 0.806954239911
0.7 0.808101700561
0.71 0.809241848963
0.72 0.810374879159
0.73 0.811500977537
0.74 0.812620323023
0.75 0.813733087298
0.76 0.81483943502
0.77 0.81593952406
0.78 0.817033505742
0.79 0.818121525087
0.8 0.819203721057
0.81 0.820280226797
0.82 0.821351169877
0.83 0.822416672522
0.84 0.823476851849
0.85 0.824531820086
0.86 0.825581684792
0.87 0.826626549068
0.88 0.827666511757
0.89 0.828701667645
0.9 0.829732107648
0.91 0.83075791899
0.92 0.831779185381
0.93 0.832795987181
0.94 0.83380840156
0.95 0.834816502647
0.96 0.83582036168
0.97 0.836820047142
0.98 0.83781562489
0.99 0.838807158287
