# Compound trans-4-hydroxycinnamate

0.0 0.0725581787824
0.01 0.0693075812219
0.02 0.071901617804
0.03 0.0746368546034
0.04 0.0774898937732
0.05 0.0803089249201
0.06 0.082808486951
0.07 0.0855261414535
0.08 0.0866498397075
0.09 0.0869313754182
0.1 0.0826660183894
0.11 0.114376826569
0.12 0.141733583424
0.13 0.163138430045
0.14 0.180567533446
0.15 0.195073950987
0.16 0.207307743923
0.17 0.217717916104
0.18 0.226638356573
0.19 0.234328577271
0.2 0.240995551826
0.21 0.246806920154
0.22 0.251899801849
0.23 0.256387109801
0.24 0.260362289433
0.25 0.263902984708
0.26 0.267073929819
0.27 0.269929260032
0.28 0.272514375081
0.29 0.274867451519
0.3 0.277020676159
0.31 0.279001255852
0.32 0.28083224677
0.33 0.282533237288
0.34 0.284120911675
0.35 0.28560951647
0.36 0.287011247193
0.37 0.288336569683
0.38 0.28959448771
0.39 0.29079276631
0.4 0.291938118595
0.41 0.293036362336
0.42 0.294092551519
0.43 0.295111087106
0.44 0.296095810499
0.45 0.297050082581
0.46 0.29797685071
0.47 0.298878705616
0.48 0.299757929832
0.49 0.300616538998
0.5 0.301456317172
0.51 0.302278847056
0.52 0.303085535938
0.53 0.303877637998
0.54 0.304656273507
0.55 0.305422445401
0.56 0.306177053607
0.57 0.306920907437
0.58 0.307654736352
0.59 0.308379199296
0.6 0.309094892834
0.61 0.309802358234
0.62 0.310502087654
0.63 0.31119452955
0.64 0.311880093412
0.65 0.312559153923
0.66 0.313232054602
0.67 0.313899111024
0.68 0.314560613644
0.69 0.315216830302
0.7 0.31586800843
0.71 0.316514377011
0.72 0.317156148318
0.73 0.317793519453
0.74 0.318426673729
0.75 0.319055781889
0.76 0.319681003207
0.77 0.320302486467
0.78 0.320920370842
0.79 0.321534786685
0.8 0.322145856238
0.81 0.322753694278
0.82 0.323358408693
0.83 0.323960101004
0.84 0.324558866847
0.85 0.3251547964
0.86 0.325747974775
0.87 0.326338482382
0.88 0.32692639525
0.89 0.327511785328
0.9 0.328094720763
0.91 0.328675266146
0.92 0.329253482748
0.93 0.329829428729
0.94 0.330403159339
0.95 0.330974727096
0.96 0.331544181955
0.97 0.332111571463
0.98 0.332676940906
0.99 0.333240333437
