# Compound 2,4-dihydroxy-7-methoxy-2H-1,4-benzoxazin-3(4H)-one2-D-glucoside

0.0 3.75526863811
0.01 3.76841910013
0.02 3.72848260036
0.03 3.68623217734
0.04 3.6421227071
0.05 3.59807757697
0.06 3.55755498549
0.07 3.51576082714
0.08 3.49268545581
0.09 3.48118908034
0.1 3.52291138993
0.11 2.96524707114
0.12 2.74875937275
0.13 2.60338855919
0.14 2.50143896329
0.15 2.42813828272
0.16 2.37459344476
0.17 2.33500994021
0.18 2.30542848425
0.19 2.28306851965
0.2 2.26594599642
0.21 2.25263169072
0.22 2.24208998584
0.23 2.23356772275
0.24 2.22651598822
0.25 2.22053434324
0.26 2.2153306838
0.27 2.21069215453
0.28 2.20646396093
0.29 2.20253387264
0.3 2.19882085421
0.31 2.19526670567
0.32 2.19182990778
0.33 2.18848108768
0.34 2.18519967925
0.35 2.18197146578
0.36 2.17878677518
0.37 2.17563915827
0.38 2.17252442424
0.39 2.16943994045
0.4 2.16638412725
0.41 2.16335609639
0.42 2.16035539501
0.43 2.15738182664
0.44 2.15443532839
0.45 2.15151588859
0.46 2.14862349354
0.47 2.14575809482
0.48 2.14291959098
0.49 2.14010781912
0.5 2.13732255315
0.51 2.13456350621
0.52 2.13183033577
0.53 2.1291226502
0.54 2.12644001585
0.55 2.1237819644
0.56 2.1211479998
0.57 2.11853760485
0.58 2.11595024715
0.59 2.11338538445
0.6 2.11084246927
0.61 2.108320953
0.62 2.10582028933
0.63 2.10333993715
0.64 2.100879363
0.65 2.09843804301
0.66 2.0960154645
0.67 2.09361112725
0.68 2.09122454439
0.69 2.08885524316
0.7 2.08650276536
0.71 2.08416666766
0.72 2.0818465217
0.73 2.07954191417
0.74 2.07725244667
0.75 2.07497773555
0.76 2.07271741164
0.77 2.07047111995
0.78 2.06823851934
0.79 2.06601928211
0.8 2.06381309359
0.81 2.06161965173
0.82 2.05943866664
0.83 2.05726986017
0.84 2.05511296545
0.85 2.05296772645
0.86 2.05083389754
0.87 2.04871124305
0.88 2.04659953687
0.89 2.04449856201
0.9 2.04240811022
0.91 2.0403279816
0.92 2.03825798421
0.93 2.03619793372
0.94 2.03414765306
0.95 2.03210697207
0.96 2.03007572722
0.97 2.02805376125
0.98 2.0260409229
0.99 2.02403706664
