# Compound D-glucitol

0.0 7.58543722545
0.01 7.45923175379
0.02 7.38284322669
0.03 7.243972751
0.04 7.11104502599
0.05 6.99424040668
0.06 6.89416127831
0.07 6.80832717031
0.08 6.73443480852
0.09 6.66905767015
0.1 6.60874570333
0.11 6.52182843787
0.12 6.36454033583
0.13 6.25393746369
0.14 6.17536966257
0.15 6.12015397251
0.16 6.08242991746
0.17 6.05789777261
0.18 6.04326810422
0.19 6.03598406747
0.2 6.03405343992
0.21 6.03593004637
0.22 6.04042211439
0.23 6.04661875483
0.24 6.05383049024
0.25 6.06154132782
0.26 6.06937042185
0.27 6.07704163797
0.28 6.08435954573
0.29 6.0911905779
0.3 6.09744830202
0.31 6.10308194131
0.32 6.10806745
0.33 6.11240059054
0.34 6.11609157614
0.35 6.1191609363
0.36 6.12163633701
0.37 6.12355014624
0.38 6.12493758078
0.39 6.12583530661
0.4 6.12628039245
0.41 6.1263095383
0.42 6.12595851734
0.43 6.12526178311
0.44 6.12425220406
0.45 6.12296089579
0.46 6.12141712774
0.47 6.11964828601
0.48 6.11767987799
0.49 6.11553556765
0.5 6.11323723287
0.51 6.11080503791
0.52 6.10825751586
0.53 6.10561165714
0.54 6.10288300093
0.55 6.10008572726
0.56 6.09723274805
0.57 6.09433579589
0.58 6.09140550975
0.59 6.08845151678
0.6 6.08548251023
0.61 6.08250632283
0.62 6.07952999593
0.63 6.07655984416
0.64 6.07360151578
0.65 6.07066004885
0.66 6.06773992339
0.67 6.0648451097
0.68 6.06197911298
0.69 6.05914501463
0.7 6.0563455102
0.71 6.05358294442
0.72 6.0508593434
0.73 6.04817644415
0.74 6.04553572176
0.75 6.04293841424
0.76 6.04038554534
0.77 6.03787794543
0.78 6.03541627055
0.79 6.03300101991
0.8 6.03063255178
0.81 6.0283110981
0.82 6.0260367777
0.83 6.02380960845
0.84 6.02162951825
0.85 6.01949635508
0.86 6.01740989612
0.87 6.01536985607
0.88 6.01337589464
0.89 6.01142762344
0.9 6.00952461214
0.91 6.00766639408
0.92 6.00585247139
0.93 6.00408231955
0.94 6.00235539152
0.95 6.00067112152
0.96 5.99902892834
0.97 5.99742821843
0.98 5.99586838855
0.99 5.99434882825
