# Compound isovitexin

0.0 3.84319730918
0.01 3.61038210969
0.02 3.58744217694
0.03 3.55468871423
0.04 3.50977538596
0.05 3.44662007297
0.06 3.35483973604
0.07 3.25474571136
0.08 3.08616418149
0.09 2.87780783854
0.1 2.52056064268
0.11 3.61667503617
0.12 3.91638954197
0.13 4.09208183386
0.14 4.20064877246
0.15 4.26976718409
0.16 4.31455645577
0.17 4.34399012958
0.18 4.3636814274
0.19 4.37724668401
0.2 4.38704812062
0.21 4.39463354053
0.22 4.40101181646
0.23 4.4068317864
0.24 4.41250098342
0.25 4.41826547364
0.26 4.42426395586
0.27 4.43056456613
0.28 4.43718994014
0.29 4.4441342471
0.3 4.4513747071
0.31 4.45887930789
0.32 4.46661190059
0.33 4.47453549038
0.34 4.48261428889
0.35 4.49081492292
0.36 4.49910707464
0.37 4.50746374496
0.38 4.51586127333
0.39 4.52427920595
0.4 4.5327000755
0.41 4.5411091351
0.42 4.54949407491
0.43 4.55784473963
0.44 4.56615285847
0.45 4.57441179395
0.46 4.58261631316
0.47 4.59076238237
0.48 4.59884698503
0.49 4.60686796183
0.5 4.61482387142
0.51 4.62271386984
0.52 4.63053760673
0.53 4.63829513654
0.54 4.64598684279
0.55 4.65361337381
0.56 4.66117558844
0.57 4.66867451024
0.58 4.67611128917
0.59 4.68348716949
0.6 4.6908034631
0.61 4.6980615274
0.62 4.70526274713
0.63 4.71240851938
0.64 4.71950024147
0.65 4.72653930109
0.66 4.73352706851
0.67 4.74046489028
0.68 4.74735408447
0.69 4.75419593693
0.7 4.76099169856
0.71 4.7677425834
0.72 4.77444976729
0.73 4.78111438713
0.74 4.78773754057
0.75 4.79432028605
0.76 4.80086364309
0.77 4.80736859288
0.78 4.81383607899
0.79 4.82026700827
0.8 4.82666225181
0.81 4.83302264599
0.82 4.83934899362
0.83 4.8456420651
0.84 4.85190259954
0.85 4.85813130601
0.86 4.86432886467
0.87 4.87049592794
0.88 4.87663312167
0.89 4.88274104625
0.9 4.88882027773
0.91 4.89487136884
0.92 4.90089485007
0.93 4.90689123067
0.94 4.91286099959
0.95 4.9188046264
0.96 4.92472256224
0.97 4.93061524062
0.98 4.93648307825
0.99 4.94232647586
