# Compound Coniferin

0.0 6.29954888885
0.01 5.6890882513
0.02 5.76337114852
0.03 5.74515450098
0.04 5.70228965919
0.05 5.65772905323
0.06 5.6181905302
0.07 5.58517011757
0.08 5.55833400131
0.09 5.53695081612
0.1 5.52018701121
0.11 5.50837299637
0.12 5.49713423211
0.13 5.49256772904
0.14 5.49415219394
0.15 5.50051115489
0.16 5.51031745999
0.17 5.52252838044
0.18 5.53638498102
0.19 5.55134969273
0.2 5.56704244207
0.21 5.58319123233
0.22 5.59959776163
0.23 5.61611461512
0.24 5.63263038728
0.25 5.64905993537
0.26 5.66533786217
0.27 5.68141401513
0.28 5.69725025666
0.29 5.71281805515
0.3 5.72809662642
0.31 5.74307146127
0.32 5.75773313679
0.33 5.77207634492
0.34 5.78609909317
0.35 5.79980204442
0.36 5.81318797122
0.37 5.82626130489
0.38 5.83902776348
0.39 5.8514940455
0.4 5.86366757842
0.41 5.87555631289
0.42 5.88716855478
0.43 5.8985128289
0.44 5.90959776871
0.45 5.9204320278
0.46 5.9310242092
0.47 5.94138280949
0.48 5.95151617508
0.49 5.96143246853
0.5 5.97113964314
0.51 5.98064542421
0.52 5.9899572959
0.53 5.99908249259
0.54 6.00802799383
0.55 6.01680052234
0.56 6.02540654431
0.57 6.03385227166
0.58 6.04214366578
0.59 6.05028644241
0.6 6.05828607751
0.61 6.06614781373
0.62 6.07387666743
0.63 6.08147743602
0.64 6.08895470554
0.65 6.09631285838
0.66 6.10355608101
0.67 6.11068837171
0.68 6.11771354823
0.69 6.12463525531
0.7 6.13145697208
0.71 6.13818201924
0.72 6.14481356611
0.73 6.15135463741
0.74 6.15780811985
0.75 6.16417676852
0.76 6.17046321295
0.77 6.17666996309
0.78 6.18279941494
0.79 6.18885385598
0.8 6.19483547043
0.81 6.20074634419
0.82 6.20658846969
0.83 6.2123637504
0.84 6.21807400522
0.85 6.22372097267
0.86 6.22930631483
0.87 6.23483162116
0.88 6.24029841211
0.89 6.24570814255
0.9 6.25106220506
0.91 6.25636193308
0.92 6.2616086038
0.93 6.26680344109
0.94 6.27194761808
0.95 6.27704225979
0.96 6.28208844552
0.97 6.28708721114
0.98 6.29203955133
0.99 6.29694642159
