# Compound N-glucosylnicotinate

0.0 2.48926224806
0.01 2.8009831662
0.02 2.89306783092
0.03 2.99912328772
0.04 3.12043097905
0.05 3.26107612178
0.06 3.42854952504
0.07 3.59813307351
0.08 3.82561930731
0.09 4.07519087319
0.1 2.89076397409
0.11 2.40206888754
0.12 2.71109154704
0.13 2.91926705088
0.14 3.05304933291
0.15 3.13678284381
0.16 3.18812679712
0.17 3.21890172986
0.18 3.23674107718
0.19 3.24648720682
0.2 3.25118402389
0.21 3.25273623745
0.22 3.252333272
0.23 3.25071738677
0.24 3.24835183576
0.25 3.24552590622
0.26 3.24242041876
0.27 3.23914855419
0.28 3.23578130453
0.29 3.23236334266
0.3 3.22892291805
0.31 3.22547802513
0.32 3.22204024485
0.33 3.2186171336
0.34 3.21521370594
0.35 3.21183335279
0.36 3.20847840901
0.37 3.20515050393
0.38 3.20185077851
0.39 3.19858002074
0.4 3.19533875166
0.41 3.19212728159
0.42 3.18894574866
0.43 3.18579414678
0.44 3.18267234734
0.45 3.17958011706
0.46 3.17651713345
0.47 3.17348299848
0.48 3.1704772509
0.49 3.16749937754
0.5 3.16454882338
0.51 3.16162500075
0.52 3.1587272975
0.53 3.15585508424
0.54 3.15300772072
0.55 3.15018456132
0.56 3.14738495984
0.57 3.14460827348
0.58 3.14185386628
0.59 3.13912111189
0.6 3.13640939588
0.61 3.13371811754
0.62 3.13104669135
0.63 3.12839454804
0.64 3.12576113541
0.65 3.12314591883
0.66 3.12054838159
0.67 3.11796802503
0.68 3.11540436854
0.69 3.1128569494
0.7 3.11032532257
0.71 3.10780906038
0.72 3.10530775209
0.73 3.10282100352
0.74 3.10034843657
0.75 3.09788968865
0.76 3.09544441226
0.77 3.09301227437
0.78 3.09059295596
0.79 3.0881861514
0.8 3.08579156798
0.81 3.08340892535
0.82 3.08103795499
0.83 3.07867839974
0.84 3.07633001326
0.85 3.07399255959
0.86 3.07166581262
0.87 3.06934955572
0.88 3.06704358125
0.89 3.06474769016
0.9 3.06246169158
0.91 3.06018540244
0.92 3.05791864712
0.93 3.05566125706
0.94 3.05341307044
0.95 3.05117393187
0.96 3.04894369206
0.97 3.04672220755
0.98 3.04450934041
0.99 3.04230495799
