# Compound trans-2-hydroxycinnamate

0.0 4.86142400288
0.01 4.13069817746
0.02 3.88232927133
0.03 3.6041074544
0.04 3.29504416673
0.05 2.94905846492
0.06 2.55371809266
0.07 2.16259802048
0.08 1.66601536109
0.09 1.13925174897
0.1 3.37304336029
0.11 4.18454696502
0.12 3.55996079677
0.13 3.1625627108
0.14 2.92007090523
0.15 2.77591086628
0.16 2.69222458671
0.17 2.64513552199
0.18 2.61999695168
0.19 2.6079493424
0.2 2.60367229257
0.21 2.60398271319
0.22 2.60698041191
0.23 2.61153319381
0.24 2.61696815611
0.25 2.62288692229
0.26 2.62905505123
0.27 2.63533579647
0.28 2.64165040849
0.29 2.64795435097
0.3 2.65422307735
0.31 2.66044355863
0.32 2.66660927231
0.33 2.67271727158
0.34 2.67876649996
0.35 2.68475684636
0.36 2.69068863527
0.37 2.69656236778
0.38 2.70237860343
0.39 2.70813791731
0.4 2.71384089467
0.41 2.71948814134
0.42 2.72508029854
0.43 2.73061805622
0.44 2.73610216241
0.45 2.74153342814
0.46 2.74691272814
0.47 2.75224099803
0.48 2.75751922899
0.49 2.76274846067
0.5 2.76792977303
0.51 2.77306427775
0.52 2.77815310968
0.53 2.78319741852
0.54 2.78819836115
0.55 2.7931570946
0.56 2.79807476981
0.57 2.80295252612
0.58 2.80779148662
0.59 2.81259275421
0.6 2.81735740829
0.61 2.82208650223
0.62 2.82678106122
0.63 2.83144208082
0.64 2.8360705258
0.65 2.84066732942
0.66 2.84523339311
0.67 2.84976958628
0.68 2.85427674649
0.69 2.85875567977
0.7 2.8632071611
0.71 2.86763193502
0.72 2.87203071635
0.73 2.87640419095
0.74 2.88075301664
0.75 2.88507782403
0.76 2.8893792175
0.77 2.89365777609
0.78 2.89791405449
0.79 2.90214858399
0.8 2.9063618734
0.81 2.91055440999
0.82 2.9147266604
0.83 2.91887907156
0.84 2.92301207149
0.85 2.92712607021
0.86 2.93122146052
0.87 2.9352986188
0.88 2.93935790576
0.89 2.94339966716
0.9 2.94742423454
0.91 2.95143192586
0.92 2.95542304617
0.93 2.95939788819
0.94 2.96335673293
0.95 2.96729985025
0.96 2.97122749935
0.97 2.97513992936
0.98 2.97903737975
0.99 2.98292008082
