# Compound 4-hydroxybenzoate

0.0 6.17457021917
0.01 5.53890820454
0.02 5.28692661501
0.03 5.00318391536
0.04 4.68641455047
0.05 4.33288848253
0.06 3.93612200685
0.07 3.53224842113
0.08 3.06382628351
0.09 2.57978374401
0.1 2.00679332042
0.11 2.2938048706
0.12 2.24606967532
0.13 2.17517991467
0.14 2.107745236
0.15 2.05125088764
0.16 2.00657977354
0.17 1.97245052684
0.18 1.94704804919
0.19 1.92861406967
0.2 1.91563682817
0.21 1.9068849706
0.22 1.90138384452
0.23 1.89837442206
0.24 1.89727109592
0.25 1.89762435512
0.26 1.89908995197
0.27 1.90140435777
0.28 1.90436564829
0.29 1.90781881665
0.3 1.91164458002
0.31 1.91575088879
0.32 1.92006649978
0.33 1.92453611372
0.34 1.92911669268
0.35 1.93377466543
0.36 1.93848380054
0.37 1.94322358203
0.38 1.94797796381
0.39 1.95273441026
0.4 1.95748315387
0.41 1.96221661789
0.42 1.9669289652
0.43 1.97161574388
0.44 1.97627360759
0.45 1.98090009379
0.46 1.98549344707
0.47 1.99005247789
0.48 1.99457644914
0.49 1.99906498471
0.5 2.00351799572
0.51 2.00793562059
0.52 2.01231817656
0.53 2.01666612017
0.54 2.02098001514
0.55 2.02526050617
0.56 2.02950829772
0.57 2.03372413661
0.58 2.03790879801
0.59 2.04206307401
0.6 2.04618776444
0.61 2.05028366949
0.62 2.05435158377
0.63 2.05839229169
0.64 2.06240656374
0.65 2.06639515372
0.66 2.07035879653
0.67 2.07429820667
0.68 2.07821407707
0.69 2.08210707837
0.7 2.08597785852
0.71 2.08982704257
0.72 2.09365523273
0.73 2.09746300858
0.74 2.10125092736
0.75 2.10501952443
0.76 2.10876931378
0.77 2.11250078857
0.78 2.1162144218
0.79 2.11991066689
0.8 2.1235899584
0.81 2.12725271271
0.82 2.13089932866
0.83 2.13453018827
0.84 2.13814565741
0.85 2.14174608647
0.86 2.14533181098
0.87 2.1489031523
0.88 2.1524604182
0.89 2.15600390349
0.9 2.15953389058
0.91 2.16305065006
0.92 2.16655444121
0.93 2.17004551258
0.94 2.17352410243
0.95 2.17699043924
0.96 2.18044474217
0.97 2.18388722147
0.98 2.18731807895
0.99 2.19073750834
