# Compound Maltose6'-phosphate

0.0 0.838417131131
0.01 0.904659044629
0.02 1.11855369121
0.03 1.27968427918
0.04 1.40378705449
0.05 1.50854650031
0.06 1.60055166497
0.07 1.68237654803
0.08 1.75547378462
0.09 1.8193827674
0.1 1.87347808209
0.11 1.89328200429
0.12 1.96490478292
0.13 2.02498611972
0.14 2.07661250118
0.15 2.12231368697
0.16 2.1638253866
0.17 2.20229645344
0.18 2.23849080072
0.19 2.27292604292
0.2 2.30596150183
0.21 2.33785318377
0.22 2.36878826508
0.23 2.39890697889
0.24 2.42831672586
0.25 2.45710134543
0.26 2.48532734243
0.27 2.51304817236
0.28 2.54030726783
0.29 2.5671402323
0.3 2.59357646969
0.31 2.61964042193
0.32 2.64535252678
0.33 2.67072997056
0.34 2.69578728727
0.35 2.72053683986
0.36 2.74498920987
0.37 2.76915351458
0.38 2.79303766628
0.39 2.81664858502
0.4 2.83999237344
0.41 2.86307446089
0.42 2.88589972233
0.43 2.9084725765
0.44 2.93079706708
0.45 2.95287692975
0.46 2.97471564769
0.47 2.99631649732
0.48 3.0176825862
0.49 3.03881688414
0.5 3.05972224893
0.51 3.08040144736
0.52 3.10085717249
0.53 3.12109205771
0.54 3.14110868815
0.55 3.16090960987
0.56 3.18049733726
0.57 3.19987435887
0.58 3.21904314195
0.59 3.23800613604
0.6 3.2567657756
0.61 3.27532448195
0.62 3.29368466464
0.63 3.31184872239
0.64 3.3298190435
0.65 3.3475980061
0.66 3.3651879781
0.67 3.3825913169
0.68 3.39981036899
0.69 3.41684746947
0.7 3.4337049414
0.71 3.45038509516
0.72 3.46689022776
0.73 3.48322262209
0.74 3.49938454622
0.75 3.51537825266
0.76 3.53120597768
0.77 3.54686994056
0.78 3.56237234298
0.79 3.57771536836
0.8 3.59290118128
0.81 3.60793192688
0.82 3.62280973035
0.83 3.63753669646
0.84 3.65211490907
0.85 3.66654643071
0.86 3.68083330225
0.87 3.69497754252
0.88 3.70898114801
0.89 3.7228460926
0.9 3.73657432734
0.91 3.75016778021
0.92 3.76362835598
0.93 3.77695793607
0.94 3.79015837838
0.95 3.80323151727
0.96 3.81617916346
0.97 3.829003104
0.98 3.84170510225
0.99 3.85428689789
