# Compound H(2)O

0.0 0.0
0.01 0.000245040286223
0.02 0.000466188322709
0.03 0.000663400696558
0.04 0.000836668827757
0.05 0.00098602109278
0.06 0.0011115250616
0.07 0.0012132898538
0.08 0.00129146861968
0.09 0.00134626115271
0.1 0.00137791663971
0.11 0.00138756295179
0.12 0.00139854354334
0.13 0.00140901093795
0.14 0.00141893515418
0.15 0.00142828528805
0.16 0.00143702948327
0.17 0.0014451349005
0.18 0.00145256768559
0.19 0.0014592929368
0.2 0.00146527467098
0.21 0.00147047578862
0.22 0.00147229830219
0.23 0.00147229830219
0.24 0.00147229830219
0.25 0.00147229830219
0.26 0.00147229830219
0.27 0.00147229830219
0.28 0.00147229830219
0.29 0.00147229830219
0.3 0.00147229830219
0.31 0.00147229830219
0.32 0.00147229830219
0.33 0.00147229830219
0.34 0.00147229830219
0.35 0.00147229830219
0.36 0.00147229830219
0.37 0.00147229830219
0.38 0.00147229830219
0.39 0.00147229830219
0.4 0.00147229830219
0.41 0.00147229830219
0.42 0.00147229830219
0.43 0.00147229830219
0.44 0.00147229830219
0.45 0.00147229830219
0.46 0.00147229830219
0.47 0.00147229830219
0.48 0.00147229830219
0.49 0.00147229830219
0.5 0.00147229830219
0.51 0.00147229830219
0.52 0.00147229830219
0.53 0.00147229830219
0.54 0.00147229830219
0.55 0.00147229830219
0.56 0.00147229830219
0.57 0.00147229830219
0.58 0.00147229830219
0.59 0.00147229830219
0.6 0.00147229830219
0.61 0.00147229830219
0.62 0.00147229830219
0.63 0.00147229830219
0.64 0.00147229830219
0.65 0.00147229830219
0.66 0.00147229830219
0.67 0.00147229830219
0.68 0.00147229830219
0.69 0.00147229830219
0.7 0.00147229830219
0.71 0.00147229830219
0.72 0.00147229830219
0.73 0.00147229830219
0.74 0.00147229830219
0.75 0.00147229830219
0.76 0.00147229830219
0.77 0.00147229830219
0.78 0.00147229830219
0.79 0.00147229830219
0.8 0.00147229830219
0.81 0.00147229830219
0.82 0.00147229830219
0.83 0.00147229830219
0.84 0.00147229830219
0.85 0.00147229830219
0.86 0.00147229830219
0.87 0.00147229830219
0.88 0.00147229830219
0.89 0.00147229830219
0.9 0.00147229830219
0.91 0.00147229830219
0.92 0.00147229830219
0.93 0.00147229830219
0.94 0.00147229830219
0.95 0.00147229830219
0.96 0.00147229830219
0.97 0.00147229830219
0.98 0.00147229830219
0.99 0.00147229830219
1.0 0.00147229830219
1.01 0.00147229830219
1.02 0.00147229830219
1.03 0.00147229830219
1.04 0.00147229830219
1.05 0.00147229830219
1.06 0.00147229830219
1.07 0.00147229830219
1.08 0.00147229830219
1.09 0.00147229830219
1.1 0.00147229830219
1.11 0.00147229830219
1.12 0.00147229830219
1.13 0.00147229830219
1.14 0.00147229830219
1.15 0.00147229830219
1.16 0.00147229830219
1.17 0.00147229830219
1.18 0.00147229830219
1.19 0.00147229830219
1.2 0.00147229830219
1.21 0.00147229830219
1.22 0.00147229830219
1.23 0.00147229830219
1.24 0.00147229830219
1.25 0.00147229830219
1.26 0.00147229830219
1.27 0.00147229830219
1.28 0.00147229830219
1.29 0.00147229830219
1.3 0.00147229830219
1.31 0.00147229830219
1.32 0.00147229830219
1.33 0.00147229830219
1.34 0.00147229830219
1.35 0.00147229830219
1.36 0.00147229830219
1.37 0.00147229830219
1.38 0.00147229830219
1.39 0.00147229830219
1.4 0.00147229830219
1.41 0.00147229830219
1.42 0.00147229830219
1.43 0.00147229830219
1.44 0.00147229830219
1.45 0.00147229830219
1.46 0.00147229830219
1.47 0.00147229830219
1.48 0.00147229830219
1.49 0.00147229830219
1.5 0.00147229830219
1.51 0.00147229830219
1.52 0.00147229830219
1.53 0.00147229830219
1.54 0.00147229830219
1.55 0.00147229830219
1.56 0.00147229830219
1.57 0.00147229830219
1.58 0.00147229830219
1.59 0.00147229830219
1.6 0.00147229830219
1.61 0.00147229830219
1.62 0.00147229830219
1.63 0.00147229830219
1.64 0.00147229830219
1.65 0.00147229830219
1.66 0.00147229830219
1.67 0.00147229830219
1.68 0.00147229830219
1.69 0.00147229830219
1.7 0.00147229830219
1.71 0.00147229830219
1.72 0.00147229830219
1.73 0.00147229830219
1.74 0.00147229830219
1.75 0.00147229830219
1.76 0.00147229830219
1.77 0.00147229830219
1.78 0.00147229830219
1.79 0.00147229830219
1.8 0.00147229830219
1.81 0.00147229830219
1.82 0.00147229830219
1.83 0.00147229830219
1.84 0.00147229830219
1.85 0.00147229830219
1.86 0.00147229830219
1.87 0.00147229830219
1.88 0.00147229830219
1.89 0.00147229830219
1.9 0.00147229830219
1.91 0.00147229830219
1.92 0.00147229830219
1.93 0.00147229830219
1.94 0.00147229830219
1.95 0.00147229830219
1.96 0.00147229830219
1.97 0.00147229830219
1.98 0.00147229830219
1.99 0.00147229830219
2.0 0.00147229830219
2.01 0.00147229830219
2.02 0.00147229830219
2.03 0.00147229830219
2.04 0.00147229830219
2.05 0.00147229830219
2.06 0.00147229830219
2.07 0.00147229830219
2.08 0.00147229830219
2.09 0.00147229830219
2.1 0.00147229830219
2.11 0.00147229830219
2.12 0.00147229830219
2.13 0.00147229830219
2.14 0.00147229830219
2.15 0.00147229830219
2.16 0.00147229830219
2.17 0.00147229830219
2.18 0.00147229830219
2.19 0.00147229830219
2.2 0.00147229830219
2.21 0.00147229830219
2.22 0.00147229830219
2.23 0.00147229830219
2.24 0.00147229830219
2.25 0.00147229830219
2.26 0.00147229830219
2.27 0.00147229830219
2.28 0.00147229830219
2.29 0.00147229830219
2.3 0.00147229830219
2.31 0.00147229830219
2.32 0.00147229830219
2.33 0.00147229830219
2.34 0.00147229830219
2.35 0.00147229830219
2.36 0.00147229830219
2.37 0.00147229830219
2.38 0.00147229830219
2.39 0.00147229830219
2.4 0.00147229830219
2.41 0.00147229830219
2.42 0.00147229830219
2.43 0.00147229830219
2.44 0.00147229830219
2.45 0.00147229830219
2.46 0.00147229830219
2.47 0.00147229830219
2.48 0.00147229830219
2.49 0.00147229830219
2.5 0.00147229830219
2.51 0.00147229830219
2.52 0.00147229830219
2.53 0.00147229830219
2.54 0.00147229830219
2.55 0.00147229830219
2.56 0.00147229830219
2.57 0.00147229830219
2.58 0.00147229830219
2.59 0.00147229830219
2.6 0.00147229830219
2.61 0.00147229830219
2.62 0.00147229830219
2.63 0.00147229830219
2.64 0.00147229830219
2.65 0.00147229830219
2.66 0.00147229830219
2.67 0.00147229830219
2.68 0.00147229830219
2.69 0.00147229830219
2.7 0.00147229830219
2.71 0.00147229830219
2.72 0.00147229830219
2.73 0.00147229830219
2.74 0.00147229830219
2.75 0.00147229830219
2.76 0.00147229830219
2.77 0.00147229830219
2.78 0.00147229830219
2.79 0.00147229830219
2.8 0.00147229830219
2.81 0.00147229830219
2.82 0.00147229830219
2.83 0.00147229830219
2.84 0.00147229830219
2.85 0.00147229830219
2.86 0.00147229830219
2.87 0.00147229830219
2.88 0.00147229830219
2.89 0.00147229830219
2.9 0.00147229830219
2.91 0.00147229830219
2.92 0.00147229830219
2.93 0.00147229830219
2.94 0.00147229830219
2.95 0.00147229830219
2.96 0.00147229830219
2.97 0.00147229830219
2.98 0.00147229830219
2.99 0.00147229830219
