# Compound 2,4-dihydroxy-7-methoxy-2H-1,4-benzoxazin-3(4H)-one

0.0 0.201409230945
0.01 0.18825876892
0.02 0.228195268694
0.03 0.270445691713
0.04 0.314555161949
0.05 0.358600292083
0.06 0.399122883559
0.07 0.440917041913
0.08 0.46399241324
0.09 0.475488788707
0.1 0.433766479121
0.11 0.991430797906
0.12 1.2079184963
0.13 1.35328930986
0.14 1.45523890576
0.15 1.52853958633
0.16 1.5820844243
0.17 1.62166792884
0.18 1.6512493848
0.19 1.6736093494
0.2 1.69073187263
0.21 1.70404617833
0.22 1.71458788321
0.23 1.7231101463
0.24 1.73016188083
0.25 1.73614352581
0.26 1.74134718525
0.27 1.74598571452
0.28 1.75021390812
0.29 1.75414399641
0.3 1.75785701484
0.31 1.76141116338
0.32 1.76484796127
0.33 1.76819678137
0.34 1.7714781898
0.35 1.77470640327
0.36 1.77789109387
0.37 1.78103871078
0.38 1.78415344481
0.39 1.7872379286
0.4 1.7902937418
0.41 1.79332177266
0.42 1.79632247404
0.43 1.79929604241
0.44 1.80224254066
0.45 1.80516198046
0.46 1.80805437551
0.47 1.81091977423
0.48 1.81375827807
0.49 1.81657004993
0.5 1.8193553159
0.51 1.82211436284
0.52 1.82484753328
0.53 1.82755521885
0.54 1.8302378532
0.55 1.83289590465
0.56 1.83552986925
0.57 1.8381402642
0.58 1.8407276219
0.59 1.8432924846
0.6 1.84583539978
0.61 1.84835691605
0.62 1.85085757972
0.63 1.8533379319
0.64 1.85579850605
0.65 1.85823982604
0.66 1.86066240455
0.67 1.8630667418
0.68 1.86545332466
0.69 1.86782262589
0.7 1.87017510369
0.71 1.87251120139
0.72 1.87483134735
0.73 1.87713595488
0.74 1.87942542238
0.75 1.8817001335
0.76 1.88396045741
0.77 1.8862067491
0.78 1.88843934971
0.79 1.89065858694
0.8 1.89286477546
0.81 1.89505821732
0.82 1.89723920241
0.83 1.89940800888
0.84 1.9015649036
0.85 1.9037101426
0.86 1.90584397151
0.87 1.907966626
0.88 1.91007833218
0.89 1.91217930704
0.9 1.91426975883
0.91 1.91634988745
0.92 1.91841988484
0.93 1.92047993533
0.94 1.92253021599
0.95 1.92457089698
0.96 1.92660214183
0.97 1.9286241078
0.98 1.93063694615
0.99 1.93264080241
