# Compound 4-O-beta-D-glucosyl-4-hydroxycinnamate

0.0 1.80426831241
0.01 1.80751890997
0.02 1.80492487339
0.03 1.80218963659
0.04 1.79933659742
0.05 1.79651756628
0.06 1.79401800425
0.07 1.79130034974
0.08 1.79017665149
0.09 1.78989511578
0.1 1.79416047281
0.11 1.76244966463
0.12 1.73509290777
0.13 1.71368806115
0.14 1.69625895775
0.15 1.68175254021
0.16 1.66951874727
0.17 1.65910857509
0.18 1.65018813462
0.19 1.64249791393
0.2 1.63583093937
0.21 1.63001957104
0.22 1.62492668935
0.23 1.6204393814
0.24 1.61646420176
0.25 1.61292350649
0.26 1.60975256138
0.27 1.60689723116
0.28 1.60431211612
0.29 1.60195903968
0.3 1.59980581504
0.31 1.59782523534
0.32 1.59599424443
0.33 1.59429325391
0.34 1.59270557952
0.35 1.59121697473
0.36 1.589815244
0.37 1.58848992151
0.38 1.58723200349
0.39 1.58603372489
0.4 1.5848883726
0.41 1.58379012886
0.42 1.58273393968
0.43 1.58171540409
0.44 1.5807306807
0.45 1.57977640862
0.46 1.57884964049
0.47 1.57794778558
0.48 1.57706856136
0.49 1.5762099522
0.5 1.57537017402
0.51 1.57454764414
0.52 1.57374095526
0.53 1.5729488532
0.54 1.57217021769
0.55 1.5714040458
0.56 1.57064943759
0.57 1.56990558376
0.58 1.56917175484
0.59 1.5684472919
0.6 1.56773159836
0.61 1.56702413296
0.62 1.56632440354
0.63 1.56563196165
0.64 1.56494639778
0.65 1.56426733727
0.66 1.56359443659
0.67 1.56292738017
0.68 1.56226587755
0.69 1.56160966089
0.7 1.56095848277
0.71 1.56031211419
0.72 1.55967034288
0.73 1.55903297174
0.74 1.55839981747
0.75 1.55777070931
0.76 1.55714548799
0.77 1.55652400473
0.78 1.55590612035
0.79 1.55529170451
0.8 1.55468063496
0.81 1.55407279692
0.82 1.5534680825
0.83 1.55286639019
0.84 1.55226762435
0.85 1.5516716948
0.86 1.55107851642
0.87 1.55048800881
0.88 1.54990009595
0.89 1.54931470587
0.9 1.54873177043
0.91 1.54815122505
0.92 1.54757300845
0.93 1.54699706247
0.94 1.54642333186
0.95 1.5458517641
0.96 1.54528230924
0.97 1.54471491973
0.98 1.54414955029
0.99 1.54358615776
