# Compound acetate

0.0 9.92387489971
0.01 9.83171558551
0.02 9.56219785761
0.03 9.31499555457
0.04 9.11192353828
0.05 8.93685730968
0.06 8.78122920605
0.07 8.63998114392
0.08 8.50994233552
0.09 8.38893624008
0.1 8.27544707627
0.11 8.16778047519
0.12 8.06676657608
0.13 7.96962511258
0.14 7.87601089901
0.15 7.78590017583
0.16 7.69926881368
0.17 7.61602279501
0.18 7.53601026317
0.19 7.45904930595
0.2 7.38495079907
0.21 7.3135326078
0.22 7.24462669133
0.23 7.17808155636
0.24 7.1137620736
0.25 7.05154801237
0.26 6.99133210402
0.27 6.93301807273
0.28 6.87651884234
0.29 6.82175499722
0.3 6.76865350692
0.31 6.71714669172
0.32 6.66717139484
0.33 6.61866832464
0.34 6.57158153382
0.35 6.52585800681
0.36 6.48144733201
0.37 6.43830144001
0.38 6.39637439279
0.39 6.35562221231
0.4 6.3160027395
0.41 6.27747551653
0.42 6.24000168711
0.43 6.20354391069
0.44 6.16806628738
0.45 6.13353429126
0.46 6.0999147102
0.47 6.06717559088
0.48 6.03528618784
0.49 6.00421691597
0.5 5.97393930569
0.51 5.94442596038
0.52 5.91565051588
0.53 5.88758760165
0.54 5.86021280344
0.55 5.83350262744
0.56 5.80743446562
0.57 5.7819865624
0.58 5.7571379824
0.59 5.73286857931
0.6 5.70915896584
0.61 5.68599048473
0.62 5.66334518072
0.63 5.64120577356
0.64 5.6195556319
0.65 5.5983787482
0.66 5.57765971449
0.67 5.55738369907
0.68 5.53753642399
0.69 5.51810414348
0.7 5.49907362307
0.71 5.48043211965
0.72 5.46216736214
0.73 5.44426753302
0.74 5.42672125055
0.75 5.40951755163
0.76 5.39264587541
0.77 5.37609604751
0.78 5.35985826485
0.79 5.34392308111
0.8 5.32828139278
0.81 5.3129244257
0.82 5.29784372223
0.83 5.28303112888
0.84 5.26847878442
0.85 5.25417910853
0.86 5.24012479089
0.87 5.22630878061
0.88 5.21272427628
0.89 5.19936471621
0.9 5.18622376923
0.91 5.17329532577
0.92 5.16057348932
0.93 5.14805256826
0.94 5.13572706797
0.95 5.12359168329
0.96 5.11164129131
0.97 5.09987094438
0.98 5.08827586345
0.99 5.07685143169
