# Compound D-glucosyl-lipopolysaccharide

0.0 4.92429622767
0.01 5.1114251576
0.02 5.00220359782
0.03 4.9375001394
0.04 4.93359109579
0.05 5.01887636929
0.06 2.78561417295
0.07 3.86227205903
0.08 1.51220929191
0.09 4.11171446606
0.1 0.343624066899
0.11 0.0
0.12 2.72077981877
0.13 3.65995580197
0.14 3.99120913841
0.15 4.10441824246
0.16 4.13591555961
0.17 4.1357526849
0.18 4.12331322703
0.19 4.10654303572
0.2 4.08886093931
0.21 4.07176324122
0.22 4.05586929598
0.23 4.04137566566
0.24 4.02827079824
0.25 4.01644425117
0.26 4.00574496871
0.27 3.99601279108
0.28 3.98709502289
0.29 3.97885439665
0.3 3.9711720651
0.31 3.96394779259
0.32 3.95709866256
0.33 3.95055709674
0.34 3.94426865575
0.35 3.93818988633
0.36 3.93228635276
0.37 3.92653091247
0.38 3.92090224994
0.39 3.91538365753
0.4 3.90996203897
0.41 3.90462710633
0.42 3.89937074047
0.43 3.89418648687
0.44 3.88906916192
0.45 3.88401454795
0.46 3.87901915891
0.47 3.87408006167
0.48 3.86919474073
0.49 3.86436099651
0.5 3.85957686952
0.51 3.85484058417
0.52 3.85015050741
0.53 3.84550511863
0.54 3.84090298781
0.55 3.83634275982
0.56 3.83182314323
0.57 3.8273429023
0.58 3.82290085135
0.59 3.81849585074
0.6 3.81412680397
0.61 3.80979265553
0.62 3.80549238934
0.63 3.80122502737
0.64 3.79698962859
0.65 3.79278528797
0.66 3.78861113547
0.67 3.7844663352
0.68 3.78035008441
0.69 3.77626161255
0.7 3.77220018031
0.71 3.76816507862
0.72 3.76415562764
0.73 3.76017117573
0.74 3.75621109843
0.75 3.75227479745
0.76 3.7483616996
0.77 3.74447125586
0.78 3.74060294032
0.79 3.73675624922
0.8 3.73293070001
0.81 3.72912583041
0.82 3.72534119753
0.83 3.72157637694
0.84 3.71783096189
0.85 3.71410456248
0.86 3.71039680483
0.87 3.70670733038
0.88 3.70303579516
0.89 3.69938186907
0.9 3.69574523525
0.91 3.69212558942
0.92 3.68852263929
0.93 3.684936104
0.94 3.68136571351
0.95 3.67781120817
0.96 3.67427233812
0.97 3.67074886291
0.98 3.66724055096
0.99 3.66374717921
