# Compound {(1,3)-beta-D-glucosyl}(N+1)

0.0 1.52008872759
0.01 1.54965027345
0.02 1.54999498203
0.03 1.56617639607
0.04 1.60171001327
0.05 1.66181061427
0.06 1.75387951317
0.07 1.86929524756
0.08 2.04045077099
0.09 2.25220498727
0.1 2.56140680851
0.11 2.17808036756
0.12 2.20732908644
0.13 2.27871423617
0.14 2.36471169551
0.15 2.45312320813
0.16 2.53847570109
0.17 2.61850910531
0.18 2.69253774619
0.19 2.76062625929
0.2 2.82316462996
0.21 2.88065224052
0.22 2.93359375796
0.23 2.98245421159
0.24 3.02764424361
0.25 3.06951971017
0.26 3.10838726412
0.27 3.14451171124
0.28 3.17812319328
0.29 3.20942343162
0.3 3.23859084557
0.31 3.26578461829
0.32 3.29114787659
0.33 3.31481016618
0.34 3.33688938472
0.35 3.35749330624
0.36 3.37672080018
0.37 3.39466282329
0.38 3.41140324141
0.39 3.42701952304
0.4 3.44158333448
0.41 3.45516105816
0.42 3.46781424955
0.43 3.47960004407
0.44 3.49057152202
0.45 3.50077803796
0.46 3.51026551917
0.47 3.51907673693
0.48 3.5272515537
0.49 3.53482714869
0.5 3.54183822396
0.51 3.54831719294
0.52 3.55429435292
0.53 3.55979804314
0.54 3.56485478956
0.55 3.56948943775
0.56 3.57372527473
0.57 3.57758414091
0.58 3.58108653294
0.59 3.58425169825
0.6 3.5870977221
0.61 3.58964160769
0.62 3.59189935003
0.63 3.59388600405
0.64 3.59561574748
0.65 3.59710193892
0.66 3.5983571716
0.67 3.59939332302
0.68 3.600221601
0.69 3.60085258636
0.7 3.60129627247
0.71 3.60156210196
0.72 3.60165900089
0.73 3.60159541046
0.74 3.60137931655
0.75 3.60101827716
0.76 3.60051944808
0.77 3.59988960676
0.78 3.59913517458
0.79 3.59826223767
0.8 3.59727656637
0.81 3.5961836334
0.82 3.59498863086
0.83 3.59369648617
0.84 3.59231187696
0.85 3.59083924508
0.86 3.58928280969
0.87 3.58764657958
0.88 3.58593436467
0.89 3.58414978692
0.9 3.58229629049
0.91 3.58037715131
0.92 3.57839548614
0.93 3.57635426103
0.94 3.57425629928
0.95 3.57210428904
0.96 3.56990079034
0.97 3.5676482418
0.98 3.56534896694
0.99 3.56300518012
