# Compound {alpha-D-glucosyl-(1,3)}(N)

0.0 9.54835730848
0.01 9.38846672354
0.02 9.33030850727
0.03 9.26103159457
0.04 9.17855489773
0.05 9.07883374811
0.06 8.95495074751
0.07 8.81843076859
0.08 8.63211592827
0.09 8.41010005309
0.1 8.07816765237
0.11 5.40043137472
0.12 6.27075413295
0.13 6.86366504179
0.14 7.28582455147
0.15 7.59363015868
0.16 7.82134771964
0.17 7.99155643273
0.18 8.11983849465
0.19 8.21724397387
0.2 8.2917447425
0.21 8.34915987241
0.22 8.39377364815
0.23 8.4287612597
0.24 8.45648823943
0.25 8.47872431715
0.26 8.4967979512
0.27 8.51170904815
0.28 8.52421182632
0.29 8.53487612931
0.3 8.54413304337
0.31 8.55230899287
0.32 8.55965132142
0.33 8.56634754471
0.34 8.57253987708
0.35 8.57833621353
0.36 8.58381844436
0.37 8.58904875702
0.38 8.59407441562
0.39 8.59893138696
0.4 8.60364709167
0.41 8.60824249096
0.42 8.61273366849
0.43 8.61713302883
0.44 8.62145020425
0.45 8.62569274019
0.46 8.62986661251
0.47 8.63397661722
0.48 8.63802666349
0.49 8.6420199935
0.5 8.64595934696
0.51 8.64984708387
0.52 8.65368527592
0.53 8.6574757742
0.54 8.66122025931
0.55 8.66492027823
0.56 8.66857727135
0.57 8.6721925923
0.58 8.67576752233
0.59 8.67930328085
0.6 8.68280103299
0.61 8.68626189526
0.62 8.68968693956
0.63 8.69307719626
0.64 8.6964336565
0.65 8.69975727402
0.66 8.70304896661
0.67 8.70630961738
0.68 8.70954007587
0.69 8.7127411591
0.7 8.71591365254
0.71 8.71905831105
0.72 8.7221758599
0.73 8.72526699567
0.74 8.7283323872
0.75 8.73137267661
0.76 8.73438848017
0.77 8.73738038934
0.78 8.74034897165
0.79 8.74329477167
0.8 8.74621831195
0.81 8.74912009389
0.82 8.75200059866
0.83 8.75486028806
0.84 8.75769960538
0.85 8.76051897618
0.86 8.76331880915
0.87 8.76609949681
0.88 8.76886141629
0.89 8.77160493004
0.9 8.77433038649
0.91 8.77703812073
0.92 8.77972845514
0.93 8.78240169997
0.94 8.78505815393
0.95 8.78769810472
0.96 8.79032182958
0.97 8.79292959577
0.98 8.79552166105
0.99 8.79809827412
