# Compound 4-{(1,4)-alpha-D-glucosyl}(N-1)-D-glucose

0.0 1.70049503065
0.01 1.68918599696
0.02 1.67798114944
0.03 1.66687952828
0.04 1.65588018247
0.05 1.64498216981
0.06 1.63418455672
0.07 1.62348641829
0.08 1.61288683806
0.09 1.60238490807
0.1 1.5919797287
0.11 1.58167040861
0.12 1.5714560647
0.13 1.56133582197
0.14 1.5513088135
0.15 1.54137418036
0.16 1.53153107153
0.17 1.52177864383
0.18 1.51211606184
0.19 1.50254249785
0.2 1.49305713177
0.21 1.48365915105
0.22 1.47434775064
0.23 1.46512213292
0.24 1.4559815076
0.25 1.44692509167
0.26 1.43795210934
0.27 1.42906179196
0.28 1.42025337797
0.29 1.41152611283
0.3 1.40287924894
0.31 1.39431204559
0.32 1.38582376889
0.33 1.37741369172
0.34 1.36908109366
0.35 1.36082526092
0.36 1.35264548629
0.37 1.34454106906
0.38 1.336511315
0.39 1.32855553626
0.4 1.32067305134
0.41 1.312863185
0.42 1.30512526823
0.43 1.29745863819
0.44 1.28986263814
0.45 1.28233661739
0.46 1.27487993124
0.47 1.26749194093
0.48 1.2601720136
0.49 1.25291952221
0.5 1.24573384549
0.51 1.23861436791
0.52 1.23156047958
0.53 1.22457157627
0.54 1.21764705929
0.55 1.21078633546
0.56 1.20398881709
0.57 1.19725392188
0.58 1.19058107291
0.59 1.18396969858
0.6 1.17741923252
0.61 1.17092911363
0.62 1.16449878593
0.63 1.1581276986
0.64 1.15181530588
0.65 1.14556106702
0.66 1.13936444629
0.67 1.13322491286
0.68 1.12714194081
0.69 1.12111500906
0.7 1.11514360132
0.71 1.10922720609
0.72 1.10336531654
0.73 1.09755743053
0.74 1.09180305055
0.75 1.08610168366
0.76 1.08045284148
0.77 1.0748560401
0.78 1.06931080011
0.79 1.06381664648
0.8 1.05837310857
0.81 1.05297972007
0.82 1.04763601898
0.83 1.04234154754
0.84 1.03709585222
0.85 1.03189848366
0.86 1.02674899665
0.87 1.02164695006
0.88 1.01659190684
0.89 1.01158343398
0.9 1.00662110243
0.91 1.0017044871
0.92 0.996833166842
0.93 0.992006724353
0.94 0.987224746196
0.95 0.982486822734
0.96 0.977792548108
0.97 0.973141520196
0.98 0.968533340581
0.99 0.963967614517
