# Compound {(2,6)-beta-D-fructosyl}(N+1)

0.0 8.18746781808
0.01 7.98613706031
0.02 7.81286142736
0.03 7.70765245737
0.04 7.64496507322
0.05 7.61187083471
0.06 7.60010658246
0.07 7.60398299205
0.08 7.61941506137
0.09 7.64338567252
0.1 7.67361350866
0.11 7.70816007721
0.12 7.742867242
0.13 7.77754703227
0.14 7.81328729926
0.15 7.85054276464
0.16 7.88936649848
0.17 7.92959409549
0.18 7.97096290469
0.19 8.013181118
0.2 8.05596436915
0.21 8.09905309886
0.22 8.14221922353
0.23 8.18526718839
0.24 8.22803227837
0.25 8.27037774763
0.26 8.31219158263
0.27 8.35338330385
0.28 8.39388099179
0.29 8.43362860903
0.3 8.47258363324
0.31 8.51071498835
0.32 8.54800124961
0.33 8.58442909424
0.34 8.61999196911
0.35 8.6546889486
0.36 8.68852375797
0.37 8.7215039403
0.38 8.75364014739
0.39 8.78494553739
0.4 8.81543526424
0.41 8.84512604571
0.42 8.87403579886
0.43 8.90218333296
0.44 8.92958809155
0.45 8.95626993639
0.46 8.98224896697
0.47 9.00754537043
0.48 9.03217929716
0.49 9.05617075839
0.5 9.07953954223
0.51 9.10230514563
0.52 9.1244867195
0.53 9.14610302531
0.54 9.16717240114
0.55 9.18771273586
0.56 9.2077414501
0.57 9.22727548295
0.58 9.24633128356
0.59 9.26492480664
0.6 9.28307151147
0.61 9.30078636366
0.62 9.31808383923
0.63 9.33497793061
0.64 9.35148215423
0.65 9.36760955933
0.66 9.3833727378
0.67 9.39878383482
0.68 9.41385456011
0.69 9.42859619957
0.7 9.44301962734
0.71 9.45713531794
0.72 9.47095335865
0.73 9.4844834618
0.74 9.4977349771
0.75 9.51071690384
0.76 9.52343790295
0.77 9.53590630886
0.78 9.54813014121
0.79 9.56011711625
0.8 9.57187465803
0.81 9.58340990928
0.82 9.59472974202
0.83 9.60584076789
0.84 9.61674934814
0.85 9.62746160337
0.86 9.63798342289
0.87 9.64832047384
0.88 9.65847820998
0.89 9.66846188017
0.9 9.67827653655
0.91 9.68792704246
0.92 9.69741808003
0.93 9.70675415749
0.94 9.71593961626
0.95 9.72497863771
0.96 9.73387524966
0.97 9.74263333269
0.98 9.7512566261
0.99 9.75974873376
