# Compound NAD(P)(+)

0.0 2.03466806358
0.01 1.42030219073
0.02 1.54283457315
0.03 1.54858209686
0.04 1.52665399349
0.05 1.50199160682
0.06 1.4819618119
0.07 1.46821361436
0.08 1.46045345507
0.09 1.45796342809
0.1 1.45991705053
0.11 1.46643522827
0.12 1.47403535894
0.13 1.48728738973
0.14 1.50529767726
0.15 1.52674407074
0.16 1.55051086176
0.17 1.57579852072
0.18 1.6020736928
0.19 1.62899177394
0.2 1.6563318449
0.21 1.6839507921
0.22 1.7117535462
0.23 1.73967465689
0.24 1.76766718161
0.25 1.79569605914
0.26 1.8237341461
0.27 1.85175980434
0.28 1.87975538447
0.29 1.9077062301
0.3 1.93559999076
0.31 1.96342612508
0.32 1.99117552744
0.33 2.01884023987
0.34 2.04641322605
0.35 2.07388819294
0.36 2.1012594496
0.37 2.12852179599
0.38 2.1556704356
0.39 2.18270090736
0.4 2.20960903295
0.41 2.23639087612
0.42 2.2630427117
0.43 2.28956100189
0.44 2.31594237836
0.45 2.34218362861
0.46 2.36828168556
0.47 2.39423361967
0.48 2.42003663266
0.49 2.44568805265
0.5 2.47118533007
0.51 2.49652603431
0.52 2.5217078507
0.53 2.54672857776
0.54 2.57158612472
0.55 2.59627850904
0.56 2.62080385404
0.57 2.64516038656
0.58 2.66934643463
0.59 2.69336042515
0.6 2.7172008816
0.61 2.7408664217
0.62 2.76435575518
0.63 2.78766768151
0.64 2.81080108766
0.65 2.83375494588
0.66 2.8565283116
0.67 2.87912032125
0.68 2.90153019022
0.69 2.92375721079
0.7 2.94580075019
0.71 2.96766024863
0.72 2.9893352174
0.73 3.01082523705
0.74 3.03212995559
0.75 3.05324908671
0.76 3.0741824081
0.77 3.09492975973
0.78 3.11549104228
0.79 3.13586621546
0.8 3.15605529654
0.81 3.17605835873
0.82 3.19587552975
0.83 3.2155069903
0.84 3.23495297265
0.85 3.2542137592
0.86 3.27328968107
0.87 3.29218111676
0.88 3.31088849075
0.89 3.32941227219
0.9 3.34775297353
0.91 3.3659111493
0.92 3.38388739474
0.93 3.40168234455
0.94 3.41929667168
0.95 3.43673108601
0.96 3.45398633318
0.97 3.47106319334
0.98 3.48796247999
0.99 3.50468503874
