# Compound O-sinapoylcholine

0.0 9.88219928102
0.01 9.91947546635
0.02 9.95581993751
0.03 9.99803246371
0.04 10.0409842427
0.05 10.0836668165
0.06 10.1257730207
0.07 10.1672191935
0.08 10.2080038567
0.09 10.248105009
0.1 10.2875725125
0.11 10.3260923519
0.12 10.364137385
0.13 10.4024135374
0.14 10.4403956473
0.15 10.4777843229
0.16 10.5144199931
0.17 10.5502253206
0.18 10.5851701733
0.19 10.6192511256
0.2 10.6524796646
0.21 10.6848754526
0.22 10.7164624819
0.23 10.7472668731
0.24 10.7773156027
0.25 10.8066357584
0.26 10.835254095
0.27 10.863196765
0.28 10.8904891536
0.29 10.9171557776
0.3 10.9432202262
0.31 10.9687051292
0.32 10.9936321454
0.33 11.0180219652
0.34 11.0418943239
0.35 11.0652680226
0.36 11.0881609551
0.37 11.1105901391
0.38 11.1325717499
0.39 11.1541211561
0.4 11.1752529567
0.41 11.1959810175
0.42 11.2163185088
0.43 11.2362779409
0.44 11.2558712
0.45 11.2751095823
0.46 11.2940038269
0.47 11.3125641479
0.48 11.3308002641
0.49 11.348721428
0.5 11.3663364531
0.51 11.3836537395
0.52 11.4006812984
0.53 11.4174267751
0.54 11.4338974706
0.55 11.4501003619
0.56 11.466042121
0.57 11.4817291331
0.58 11.4971675134
0.59 11.5123631223
0.6 11.5273215811
0.61 11.5420482849
0.62 11.5565484162
0.63 11.5708269568
0.64 11.584888699
0.65 11.5987382564
0.66 11.6123800736
0.67 11.6258184358
0.68 11.6390574773
0.69 11.6521011895
0.7 11.664953429
0.71 11.6776179239
0.72 11.6900982813
0.73 11.7023979932
0.74 11.714520442
0.75 11.7264689066
0.76 11.7382465673
0.77 11.7498565102
0.78 11.7613017325
0.79 11.772585146
0.8 11.7837095813
0.81 11.794677792
0.82 11.8054924574
0.83 11.8161561864
0.84 11.8266715203
0.85 11.8370409358
0.86 11.8472668478
0.87 11.8573516119
0.88 11.8672975266
0.89 11.8771068362
0.9 11.8867817324
0.91 11.8963243564
0.92 11.9057368012
0.93 11.9150211129
0.94 11.9241792928
0.95 11.933213299
0.96 11.9421250476
0.97 11.9509164146
0.98 11.9595892369
0.99 11.9681453139
