# Compound poly(ribitolphosphate)

0.0 1.44561123875
0.01 1.23785795069
0.02 1.20428267217
0.03 1.16172514634
0.04 1.10870498921
0.05 1.0412030902
0.06 0.952540018524
0.07 0.860782335847
0.08 0.722530382032
0.09 0.565764266508
0.1 1.52841525868
0.11 1.61800878262
0.12 1.60632397579
0.13 1.56356098951
0.14 1.52098539637
0.15 1.48695556883
0.16 1.46223657933
0.17 1.44536144696
0.18 1.43449453027
0.19 1.4280232236
0.2 1.42468922632
0.21 1.42356398001
0.22 1.42398255219
0.23 1.42547677112
0.24 1.42771996801
0.25 1.43048505218
0.26 1.43361411034
0.27 1.4369969438
0.28 1.4405561655
0.29 1.44423695847
0.3 1.44800008043
0.31 1.4518170997
0.32 1.45566715177
0.33 1.45953472702
0.34 1.46340815546
0.35 1.46727856237
0.36 1.47113914221
0.37 1.47498464812
0.38 1.47881102813
0.39 1.48261516155
0.4 1.48639466462
0.41 1.49014774427
0.42 1.49387308582
0.43 1.49756976507
0.44 1.50123717822
0.45 1.50487498495
0.46 1.5084830618
0.47 1.51206146324
0.48 1.51561038923
0.49 1.51913015782
0.5 1.52262118192
0.51 1.52608394978
0.52 1.52951900828
0.53 1.53292694894
0.54 1.53630839602
0.55 1.5396639965
0.56 1.54299441176
0.57 1.54630031056
0.58 1.54958236323
0.59 1.55284123696
0.6 1.55607759187
0.61 1.55929207787
0.62 1.56248533218
0.63 1.56565797737
0.64 1.56881061984
0.65 1.57194384872
0.66 1.57505823509
0.67 1.57815433147
0.68 1.5812326715
0.69 1.58429376987
0.7 1.58733812236
0.71 1.590366206
0.72 1.5933784794
0.73 1.59637538302
0.74 1.59935733968
0.75 1.60232475497
0.76 1.6052780178
0.77 1.60821750088
0.78 1.61114356132
0.79 1.61405654114
0.8 1.61695676788
0.81 1.61984455512
0.82 1.62272020309
0.83 1.62558399915
0.84 1.62843621838
0.85 1.6312771241
0.86 1.63410696837
0.87 1.63692599251
0.88 1.63973442754
0.89 1.64253249471
0.9 1.64532040588
0.91 1.648098364
0.92 1.65086656352
0.93 1.65362519075
0.94 1.65637442429
0.95 1.65911443539
0.96 1.66184538824
0.97 1.66456744038
0.98 1.66728074299
0.99 1.66998544118
