# Compound N6-alkylaminopurine

0.0 1.02260864656
0.01 0.961086230197
0.02 0.96999328163
0.03 0.976458500341
0.04 0.979350569548
0.05 0.975857724924
0.06 0.961161643374
0.07 0.94265033423
0.08 0.89355434557
0.09 0.824410786529
0.1 0.681819266287
0.11 1.75292512604
0.12 1.68315204192
0.13 1.6252239728
0.14 1.58077337084
0.15 1.5478110171
0.16 1.52384052494
0.17 1.50667383188
0.18 1.49457597347
0.19 1.48622368812
0.2 1.48062541648
0.21 1.4770450822
0.22 1.4749394277
0.23 1.47390912571
0.24 1.4736615129
0.25 1.47398254233
0.26 1.47471585698
0.27 1.47574728428
0.28 1.47699341559
0.29 1.47839323739
0.3 1.47990202541
0.31 1.4814869054
0.32 1.48312363412
0.33 1.48479426885
0.34 1.48648548147
0.35 1.48818733826
0.36 1.48989241536
0.37 1.49159515609
0.38 1.49329140193
0.39 1.49497804886
0.4 1.49665279376
0.41 1.49831394617
0.42 1.49996028732
0.43 1.50159096378
0.44 1.5032054064
0.45 1.50480326804
0.46 1.50638437534
0.47 1.50794869091
0.48 1.50949628364
0.49 1.51102730507
0.5 1.51254197056
0.51 1.5140405442
0.52 1.51552332662
0.53 1.51699064519
0.54 1.51844284609
0.55 1.51988028789
0.56 1.5213033364
0.57 1.5227123605
0.58 1.52410772878
0.59 1.52548980694
0.6 1.52685895563
0.61 1.52821552888
0.62 1.5295598728
0.63 1.53089232464
0.64 1.53221321212
0.65 1.53352285295
0.66 1.53482155452
0.67 1.53610961374
0.68 1.53738731699
0.69 1.53865494018
0.7 1.53991274883
0.71 1.54116099827
0.72 1.54239993386
0.73 1.54362979123
0.74 1.54485079657
0.75 1.54606316692
0.76 1.54726711051
0.77 1.54846282703
0.78 1.54965050798
0.79 1.550830337
0.8 1.55200249017
0.81 1.55316713634
0.82 1.55432443744
0.83 1.55547454877
0.84 1.55661761931
0.85 1.557753792
0.86 1.55888320402
0.87 1.56000598702
0.88 1.56112226745
0.89 1.56223216674
0.9 1.56333580156
0.91 1.56443328404
0.92 1.565524722
0.93 1.56661021916
0.94 1.56768987529
0.95 1.56876378645
0.96 1.56983204516
0.97 1.57089474055
0.98 1.57195195853
0.99 1.57300378194
