# Compound {alpha-D-glucosyl-(1,3)}(N+1)

0.0 0.731692372375
0.01 0.89158295731
0.02 0.949741173581
0.03 1.01901808628
0.04 1.10149478312
0.05 1.20121593275
0.06 1.32509893334
0.07 1.46161891226
0.08 1.64793375258
0.09 1.86994962776
0.1 2.20188202848
0.11 4.87961830613
0.12 4.00929554791
0.13 3.41638463906
0.14 2.99422512939
0.15 2.68641952217
0.16 2.45870196121
0.17 2.28849324812
0.18 2.1602111862
0.19 2.06280570699
0.2 1.98830493835
0.21 1.93088980844
0.22 1.8862760327
0.23 1.85128842116
0.24 1.82356144142
0.25 1.8013253637
0.26 1.78325172965
0.27 1.7683406327
0.28 1.75583785453
0.29 1.74517355154
0.3 1.73591663748
0.31 1.72774068798
0.32 1.72039835943
0.33 1.71370213614
0.34 1.70750980377
0.35 1.70171346732
0.36 1.69623123649
0.37 1.69100092383
0.38 1.68597526523
0.39 1.68111829389
0.4 1.67640258918
0.41 1.67180718989
0.42 1.66731601236
0.43 1.66291665202
0.44 1.6585994766
0.45 1.65435694066
0.46 1.65018306834
0.47 1.64607306363
0.48 1.64202301736
0.49 1.63802968735
0.5 1.63409033389
0.51 1.63020259698
0.52 1.62636440493
0.53 1.62257390665
0.54 1.61882942154
0.55 1.61512940262
0.56 1.6114724095
0.57 1.60785708855
0.58 1.60428215852
0.59 1.6007464
0.6 1.59724864786
0.61 1.59378778559
0.62 1.59036274129
0.63 1.58697248459
0.64 1.58361602435
0.65 1.58029240683
0.66 1.57700071424
0.67 1.57374006347
0.68 1.57050960498
0.69 1.56730852175
0.7 1.56413602832
0.71 1.5609913698
0.72 1.55787382095
0.73 1.55478268518
0.74 1.55171729365
0.75 1.54867700424
0.76 1.54566120068
0.77 1.54266929151
0.78 1.5397007092
0.79 1.53675490918
0.8 1.5338313689
0.81 1.53092958697
0.82 1.5280490822
0.83 1.52518939279
0.84 1.52235007547
0.85 1.51953070467
0.86 1.5167308717
0.87 1.51395018404
0.88 1.51118826456
0.89 1.50844475081
0.9 1.50571929436
0.91 1.50301156012
0.92 1.50032122571
0.93 1.49764798088
0.94 1.49499152692
0.95 1.49235157613
0.96 1.48972785127
0.97 1.48712008508
0.98 1.4845280198
0.99 1.48195140673
