# Compound D-gluconolactone

0.0 6.05460205544
0.01 5.92839658378
0.02 5.85200805668
0.03 5.71313758099
0.04 5.58020985598
0.05 5.46340523667
0.06 5.3633261083
0.07 5.2774920003
0.08 5.20359963851
0.09 5.13822250014
0.1 5.07791053332
0.11 4.99099326786
0.12 4.83370516582
0.13 4.72310229368
0.14 4.64453449256
0.15 4.5893188025
0.16 4.55159474745
0.17 4.5270626026
0.18 4.51243293421
0.19 4.50514889746
0.2 4.50321826991
0.21 4.50509487636
0.22 4.50958694438
0.23 4.51578358482
0.24 4.52299532023
0.25 4.5307061578
0.26 4.53853525184
0.27 4.54620646796
0.28 4.55352437572
0.29 4.56035540789
0.3 4.56661313201
0.31 4.5722467713
0.32 4.57723227999
0.33 4.58156542053
0.34 4.58525640613
0.35 4.58832576629
0.36 4.590801167
0.37 4.59271497623
0.38 4.59410241077
0.39 4.5950001366
0.4 4.59544522244
0.41 4.59547436829
0.42 4.59512334733
0.43 4.5944266131
0.44 4.59341703405
0.45 4.59212572578
0.46 4.59058195773
0.47 4.588813116
0.48 4.58684470798
0.49 4.58470039764
0.5 4.58240206286
0.51 4.5799698679
0.52 4.57742234585
0.53 4.57477648713
0.54 4.57204783092
0.55 4.56925055725
0.56 4.56639757804
0.57 4.56350062588
0.58 4.56057033974
0.59 4.55761634677
0.6 4.55464734022
0.61 4.55167115282
0.62 4.54869482592
0.63 4.54572467415
0.64 4.54276634577
0.65 4.53982487884
0.66 4.53690475338
0.67 4.53400993969
0.68 4.53114394297
0.69 4.52830984462
0.7 4.52551034019
0.71 4.52274777441
0.72 4.52002417339
0.73 4.51734127414
0.74 4.51470055175
0.75 4.51210324423
0.76 4.50955037533
0.77 4.50704277542
0.78 4.50458110054
0.79 4.5021658499
0.8 4.49979738177
0.81 4.49747592809
0.82 4.49520160769
0.83 4.49297443844
0.84 4.49079434824
0.85 4.48866118507
0.86 4.48657472611
0.87 4.48453468606
0.88 4.48254072463
0.89 4.48059245343
0.9 4.47868944213
0.91 4.47683122407
0.92 4.47501730138
0.93 4.47324714954
0.94 4.47152022151
0.95 4.46983595151
0.96 4.46819375833
0.97 4.46659304842
0.98 4.46503321854
0.99 4.46351365824
