# Compound {(2,6)-beta-D-fructosyl}(N)

0.0 5.36616284312
0.01 5.56749360089
0.02 5.74076923384
0.03 5.84597820383
0.04 5.90866558798
0.05 5.94175982649
0.06 5.95352407874
0.07 5.94964766915
0.08 5.93421559983
0.09 5.91024498868
0.1 5.88001715254
0.11 5.84547058399
0.12 5.8107634192
0.13 5.77608362893
0.14 5.74034336194
0.15 5.70308789656
0.16 5.66426416272
0.17 5.62403656571
0.18 5.58266775651
0.19 5.5404495432
0.2 5.49766629205
0.21 5.45457756234
0.22 5.41141143767
0.23 5.36836347281
0.24 5.32559838283
0.25 5.28325291357
0.26 5.24143907857
0.27 5.20024735735
0.28 5.15974966941
0.29 5.12000205217
0.3 5.08104702796
0.31 5.04291567285
0.32 5.00562941159
0.33 4.96920156696
0.34 4.93363869209
0.35 4.8989417126
0.36 4.86510690324
0.37 4.8321267209
0.38 4.79999051381
0.39 4.76868512381
0.4 4.73819539696
0.41 4.70850461549
0.42 4.67959486234
0.43 4.65144732824
0.44 4.62404256965
0.45 4.59736072481
0.46 4.57138169423
0.47 4.54608529077
0.48 4.52145136404
0.49 4.49745990281
0.5 4.47409111897
0.51 4.45132551557
0.52 4.4291439417
0.53 4.40752763589
0.54 4.38645826006
0.55 4.36591792534
0.56 4.34588921111
0.57 4.32635517825
0.58 4.30729937764
0.59 4.28870585456
0.6 4.27055914973
0.61 4.25284429754
0.62 4.23554682197
0.63 4.21865273059
0.64 4.20214850697
0.65 4.18602110187
0.66 4.1702579234
0.67 4.15484682638
0.68 4.13977610109
0.69 4.12503446163
0.7 4.11061103386
0.71 4.09649534326
0.72 4.08267730255
0.73 4.0691471994
0.74 4.0558956841
0.75 4.04291375736
0.76 4.03019275825
0.77 4.01772435234
0.78 4.00550051999
0.79 3.99351354495
0.8 3.98175600317
0.81 3.97022075192
0.82 3.95890091918
0.83 3.94778989331
0.84 3.93688131306
0.85 3.92616905783
0.86 3.91564723831
0.87 3.90531018736
0.88 3.89515245122
0.89 3.88516878103
0.9 3.87535412465
0.91 3.86570361874
0.92 3.85621258117
0.93 3.84687650371
0.94 3.83769104494
0.95 3.82865202349
0.96 3.81975541154
0.97 3.81099732851
0.98 3.8023740351
0.99 3.79388192744
