# Compound d-glucose

0.0 2.80593463281
0.01 3.41639527036
0.02 3.34211237314
0.03 3.36032902068
0.04 3.40319386247
0.05 3.44775446843
0.06 3.48729299146
0.07 3.52031340409
0.08 3.54714952035
0.09 3.56853270554
0.1 3.58529651045
0.11 3.59711052529
0.12 3.60834928955
0.13 3.61291579262
0.14 3.61133132772
0.15 3.60497236677
0.16 3.59516606167
0.17 3.58295514122
0.18 3.56909854064
0.19 3.55413382893
0.2 3.53844107959
0.21 3.52229228933
0.22 3.50588576003
0.23 3.48936890654
0.24 3.47285313439
0.25 3.45642358629
0.26 3.44014565949
0.27 3.42406950653
0.28 3.408233265
0.29 3.39266546651
0.3 3.37738689524
0.31 3.36241206039
0.32 3.34775038488
0.33 3.33340717674
0.34 3.31938442849
0.35 3.30568147724
0.36 3.29229555044
0.37 3.27922221677
0.38 3.26645575818
0.39 3.25398947616
0.4 3.24181594324
0.41 3.22992720877
0.42 3.21831496688
0.43 3.20697069276
0.44 3.19588575295
0.45 3.18505149386
0.46 3.17445931246
0.47 3.16410071217
0.48 3.15396734658
0.49 3.14405105313
0.5 3.13434387852
0.51 3.12483809745
0.52 3.11552622576
0.53 3.10640102907
0.54 3.09745552783
0.55 3.08868299932
0.56 3.08007697735
0.57 3.07163125
0.58 3.06333985588
0.59 3.05519707925
0.6 3.04719744415
0.61 3.03933570793
0.62 3.03160685423
0.63 3.02400608564
0.64 3.01652881612
0.65 3.00917066328
0.66 3.00192744065
0.67 2.99479514995
0.68 2.98776997343
0.69 2.98084826635
0.7 2.97402654958
0.71 2.96730150242
0.72 2.96066995556
0.73 2.95412888425
0.74 2.94767540181
0.75 2.94130675314
0.76 2.93502030871
0.77 2.92881355857
0.78 2.92268410672
0.79 2.91662966568
0.8 2.91064805123
0.81 2.90473717747
0.82 2.89889505197
0.83 2.89311977126
0.84 2.88740951644
0.85 2.88176254899
0.86 2.87617720683
0.87 2.8706519005
0.88 2.86518510955
0.89 2.85977537911
0.9 2.8544213166
0.91 2.84912158858
0.92 2.84387491786
0.93 2.83868008057
0.94 2.83353590358
0.95 2.82844126187
0.96 2.82339507614
0.97 2.81839631052
0.98 2.81344397033
0.99 2.80853710007
