# Compound 7-O-beta-D-glucosyl-5,7,3',4'-tetrahydroxyflavone

0.0 7.41407346655
0.01 7.45046426269
0.02 7.26091478492
0.03 7.05486204601
0.04 6.83188733379
0.05 6.59648779694
0.06 6.35727347317
0.07 6.09763420342
0.08 5.87657179955
0.09 5.66969533863
0.1 5.60206859641
0.11 1.87891303084
0.12 1.59950624416
0.13 1.41949454565
0.14 1.29704968805
0.15 1.21125796308
0.16 1.15002493992
0.17 1.10571404261
0.18 1.07325373135
0.19 1.04917638416
0.2 1.03106889776
0.21 1.01723272886
0.22 1.00646283443
0.23 0.997899419487
0.24 0.990926497292
0.25 0.985101499397
0.26 0.980105910972
0.27 0.975710355121
0.28 0.971749721019
0.29 0.968105340212
0.3 0.964692149676
0.31 0.961449408819
0.32 0.958333965538
0.33 0.955315360838
0.34 0.952372265806
0.35 0.94948988785
0.36 0.94665808414
0.37 0.943869992096
0.38 0.941121038306
0.39 0.938408224509
0.4 0.935729616218
0.41 0.933083979361
0.42 0.930470524674
0.43 0.927888730291
0.44 0.925338220736
0.45 0.922818686357
0.46 0.920329831488
0.47 0.917871342809
0.48 0.915442871674
0.49 0.913044025946
0.5 0.910674368103
0.51 0.908333417336
0.52 0.906020654032
0.53 0.903735525523
0.54 0.901477452362
0.55 0.899245834614
0.56 0.897040057855
0.57 0.894859498697
0.58 0.892703529733
0.59 0.890571523875
0.6 0.888462858082
0.61 0.886376916503
0.62 0.884313093093
0.63 0.882270793727
0.64 0.880249437891
0.65 0.878248459985
0.66 0.876267310295
0.67 0.874305455681
0.68 0.87236238002
0.69 0.870437584447
0.7 0.868530587424
0.71 0.866640924668
0.72 0.864768148964
0.73 0.862911829886
0.74 0.861071553446
0.75 0.859246921677
0.76 0.857437552186
0.77 0.855643077666
0.78 0.853863145387
0.79 0.852097416677
0.8 0.850345566392
0.81 0.848607282387
0.82 0.846882264989
0.83 0.845170226474
0.84 0.843470890563
0.85 0.841783991914
0.86 0.840109275644
0.87 0.838446496852
0.88 0.836795420169
0.89 0.835155819317
0.9 0.833527476684
0.91 0.831910182926
0.92 0.83030373657
0.93 0.828707943649
0.94 0.827122617342
0.95 0.82554757764
0.96 0.823982651017
0.97 0.822427670124
0.98 0.820882473498
0.99 0.819346905279
