# Compound D-glucose6-phosphate

0.0 3.97193345295
0.01 3.65947505306
0.02 3.57250479184
0.03 3.35483242336
0.04 3.15230016147
0.05 2.96921775874
0.06 2.79442233261
0.07 2.64447301769
0.08 2.46027040649
0.09 2.27454542328
0.1 2.00417786971
0.11 2.72619194264
0.12 2.73520417815
0.13 2.69097382237
0.14 2.64221907713
0.15 2.60230197701
0.16 2.57291790203
0.17 2.55235730445
0.18 2.53834314141
0.19 2.52890753133
0.2 2.52256964191
0.21 2.51828621753
0.22 2.51534852266
0.23 2.51328494739
0.24 2.51178497729
0.25 2.51064474963
0.26 2.50972991138
0.27 2.50895103776
0.28 2.50824768554
0.29 2.50757818307
0.3 2.50691314515
0.31 2.50623136775
0.32 2.50551722618
0.33 2.50475901544
0.34 2.50394787842
0.35 2.50307710017
0.36 2.50214163024
0.37 2.50113774833
0.38 2.5000628206
0.39 2.49891511454
0.4 2.49769365284
0.41 2.4963980939
0.42 2.49502863159
0.43 2.49358590957
0.44 2.4920709472
0.45 2.49048507485
0.46 2.48882987751
0.47 2.48710714539
0.48 2.48531883094
0.49 2.48346701142
0.5 2.48155385655
0.51 2.47958160065
0.52 2.47755251881
0.53 2.47546890663
0.54 2.4733330631
0.55 2.47114727634
0.56 2.46891381168
0.57 2.46663490193
0.58 2.4643127395
0.59 2.46194947009
0.6 2.45954718777
0.61 2.45710793122
0.62 2.45463368097
0.63 2.45212635747
0.64 2.44958781992
0.65 2.4470198656
0.66 2.44442422981
0.67 2.44180258608
0.68 2.43915654685
0.69 2.4364876643
0.7 2.43379743147
0.71 2.43108728348
0.72 2.42835859899
0.73 2.42561270158
0.74 2.4228508614
0.75 2.42007429671
0.76 2.4172841755
0.77 2.41448161715
0.78 2.41166769407
0.79 2.40884343325
0.8 2.40600981796
0.81 2.40316778924
0.82 2.40031824747
0.83 2.39746205391
0.84 2.39460003208
0.85 2.39173296927
0.86 2.38886161787
0.87 2.38598669675
0.88 2.38310889249
0.89 2.38022886072
0.9 2.37734722723
0.91 2.37446458923
0.92 2.37158151641
0.93 2.36869855203
0.94 2.36581621401
0.95 2.36293499587
0.96 2.36005536775
0.97 2.3571777773
0.98 2.35430265062
0.99 2.35143039306
