# Compound {phosphate}(N-1)

0.0 2.47215532684
0.01 2.53108283504
0.02 2.60463963833
0.03 2.63922304323
0.04 2.66802411776
0.05 2.69667109513
0.06 2.72654197408
0.07 2.75780265118
0.08 2.79012965473
0.09 2.8241431574
0.1 2.85989865791
0.11 2.91037923775
0.12 2.93150857365
0.13 2.9461601245
0.14 2.95763728242
0.15 2.96743728595
0.16 2.97622394056
0.17 2.98428450219
0.18 2.99174234387
0.19 2.99865409137
0.2 3.0050524381
0.21 3.01096380494
0.22 3.0164146967
0.23 3.02143325695
0.24 3.02604899836
0.25 3.03029200975
0.26 3.03419216146
0.27 3.03777848073
0.28 3.04107872281
0.29 3.04411911017
0.3 3.04692419965
0.31 3.04951683976
0.32 3.05191818841
0.33 3.05414776863
0.34 3.05622354688
0.35 3.05816202311
0.36 3.05997832584
0.37 3.06168630744
0.38 3.06329863711
0.39 3.06482688975
0.4 3.06628162994
0.41 3.06767249062
0.42 3.06900824636
0.43 3.07029688134
0.44 3.07154565231
0.45 3.07276114672
0.46 3.07394933643
0.47 3.07511562717
0.48 3.07626490427
0.49 3.07740157472
0.5 3.078529606
0.51 3.07965256189
0.52 3.08077363548
0.53 3.08189567966
0.54 3.08302123517
0.55 3.08415255659
0.56 3.08529163623
0.57 3.08644022628
0.58 3.08759985912
0.59 3.08877186621
0.6 3.08995739546
0.61 3.09115742723
0.62 3.09237278918
0.63 3.0936041699
0.64 3.09485213153
0.65 3.0961171214
0.66 3.09739948272
0.67 3.0986994645
0.68 3.10001723066
0.69 3.10135286838
0.7 3.10270639592
0.71 3.10407776964
0.72 3.1054668906
0.73 3.10687361055
0.74 3.1082977375
0.75 3.10973904074
0.76 3.11119725552
0.77 3.11267208733
0.78 3.11416321579
0.79 3.11567029823
0.8 3.11719297295
0.81 3.1187308622
0.82 3.12028357493
0.83 3.1218507092
0.84 3.12343185449
0.85 3.12502659372
0.86 3.12663450508
0.87 3.1282551637
0.88 3.12988814322
0.89 3.13153301704
0.9 3.13318935964
0.91 3.13485674759
0.92 3.13653476057
0.93 3.13822298223
0.94 3.1399210009
0.95 3.14162841033
0.96 3.14334481025
0.97 3.14506980686
0.98 3.14680301331
0.99 3.14854405003
