# Compound taxiphyllin

0.0 7.70073244664
0.01 7.72581455836
0.02 7.56775723929
0.03 7.3992910052
0.04 7.2217054092
0.05 7.04126352597
0.06 6.86915394333
0.07 6.69068618193
0.08 6.57044919528
0.09 6.48659423577
0.1 6.57604245332
0.11 3.74596761678
0.12 3.3845316862
0.13 3.16958360201
0.14 3.03507516032
0.15 2.94856306214
0.16 2.89200191966
0.17 2.85453999465
0.18 2.82935254659
0.19 2.8120447407
0.2 2.79975512109
0.21 2.7906143562
0.22 2.78340358525
0.23 2.77733314866
0.24 2.77189719892
0.25 2.76677739457
0.26 2.76177882456
0.27 2.75678728625
0.28 2.75174079108
0.29 2.74661058501
0.3 2.74138854797
0.31 2.73607887624
0.32 2.73069264178
0.33 2.72524428234
0.34 2.71974938431
0.35 2.71422332705
0.36 2.70868049702
0.37 2.7031338746
0.38 2.69759486035
0.39 2.69207325112
0.4 2.68657730626
0.41 2.68111386405
0.42 2.6756884826
0.43 2.67030558864
0.44 2.66496862386
0.45 2.65968018292
0.46 2.65444213982
0.47 2.64925576128
0.48 2.64412180691
0.49 2.63904061662
0.5 2.63401218615
0.51 2.62903623191
0.52 2.62411224604
0.53 2.61923954311
0.54 2.61441729939
0.55 2.60964458564
0.56 2.60492039454
0.57 2.60024366329
0.58 2.59561329232
0.59 2.59102816057
0.6 2.58648713794
0.61 2.58198909533
0.62 2.57753291272
0.63 2.5731174855
0.64 2.56874172951
0.65 2.56440458479
0.66 2.56010501855
0.67 2.55584202714
0.68 2.55161463758
0.69 2.54742190839
0.7 2.54326293011
0.71 2.53913682539
0.72 2.53504274885
0.73 2.53097988669
0.74 2.52694745616
0.75 2.52294470483
0.76 2.51897090984
0.77 2.515025377
0.78 2.51110743987
0.79 2.50721645881
0.8 2.50335182003
0.81 2.49951293454
0.82 2.4956992372
0.83 2.49191018575
0.84 2.48814525983
0.85 2.48440396002
0.86 2.48068580697
0.87 2.47699034047
0.88 2.47331711857
0.89 2.46966571678
0.9 2.46603572727
0.91 2.46242675804
0.92 2.45883843223
0.93 2.4552703874
0.94 2.45172227482
0.95 2.44819375885
0.96 2.44468451632
0.97 2.44119423591
0.98 2.43772261761
0.99 2.43426937215
