# Compound aflavonone

0.0 8.90568335176
0.01 7.58572593442
0.02 7.0366465377
0.03 6.43919278846
0.04 5.79803368027
0.05 5.11621694671
0.06 4.39553905993
0.07 3.7007737757
0.08 2.96608569888
0.09 2.27068736213
0.1 1.55040690646
0.11 1.52798029396
0.12 1.47197407759
0.13 1.40451351527
0.14 1.34843479541
0.15 1.30724414295
0.16 1.27889836571
0.17 1.26031096226
0.18 1.24872345871
0.19 1.24200792402
0.2 1.23862682338
0.21 1.23750700261
0.22 1.23791403345
0.23 1.2393508728
0.24 1.24148299341
0.25 1.24408555678
0.26 1.247007136
0.27 1.25014522341
0.28 1.25342987317
0.29 1.25681284997
0.3 1.26026045719
0.31 1.26374880309
0.32 1.26726067379
0.33 1.27078346184
0.34 1.27430778746
0.35 1.27782657423
0.36 1.28133442335
0.37 1.28482718474
0.38 1.28830165823
0.39 1.29175538145
0.4 1.2951864759
0.41 1.29859353241
0.42 1.3019755239
0.43 1.30533173707
0.44 1.30866171792
0.45 1.3119652272
0.46 1.3152422036
0.47 1.31849273279
0.48 1.32171702134
0.49 1.32491537437
0.5 1.32808817662
0.51 1.33123587619
0.52 1.33435897068
0.53 1.33745799536
0.54 1.34053351311
0.55 1.34358610597
0.56 1.34661636789
0.57 1.34962489882
0.58 1.35261229961
0.59 1.35557916796
0.6 1.35852609501
0.61 1.3614536626
0.62 1.36436244108
0.63 1.36725298763
0.64 1.37012584489
0.65 1.37298154004
0.66 1.37582058407
0.67 1.37864347134
0.68 1.38145067932
0.69 1.3842426685
0.7 1.38701988245
0.71 1.38978274795
0.72 1.39253167528
0.73 1.39526705848
0.74 1.39798927578
0.75 1.40069868999
0.76 1.40339564895
0.77 1.40608048601
0.78 1.40875352052
0.79 1.41141505833
0.8 1.41406539228
0.81 1.41670480271
0.82 1.41933355796
0.83 1.42195191487
0.84 1.42456011925
0.85 1.42715840634
0.86 1.4297470013
0.87 1.43232611963
0.88 1.43489596761
0.89 1.43745674272
0.9 1.44000863404
0.91 1.44255182264
0.92 1.44508648195
0.93 1.44761277811
0.94 1.45013087031
0.95 1.45264091115
0.96 1.45514304691
0.97 1.45763741787
0.98 1.4601241586
0.99 1.46260339821
