# Compound 1L-myo-inositol1-phosphate

0.0 7.08092146273
0.01 7.08092146273
0.02 7.08092146273
0.03 7.08092146273
0.04 7.08092146273
0.05 7.08092146273
0.06 7.08092146273
0.07 7.08092146273
0.08 7.08092146273
0.09 7.08092146273
0.1 7.08092146273
0.11 7.08092146273
0.12 7.08092146273
0.13 7.08092146273
0.14 7.08092146273
0.15 7.08092146273
0.16 7.08092146273
0.17 7.08092146273
0.18 7.08092146273
0.19 7.08092146273
0.2 7.08092146273
0.21 7.08092146273
0.22 7.08092146273
0.23 7.08092146273
0.24 7.08092146273
0.25 7.08092146273
0.26 7.08092146273
0.27 7.08092146273
0.28 7.08092146273
0.29 7.08092146273
0.3 7.08092146273
0.31 7.08092146273
0.32 7.08092146273
0.33 7.08092146273
0.34 7.08092146273
0.35 7.08092146273
0.36 7.08092146273
0.37 7.08092146273
0.38 7.08092146273
0.39 7.08092146273
0.4 7.08092146273
0.41 7.08092146273
0.42 7.08092146273
0.43 7.08092146273
0.44 7.08092146273
0.45 7.08092146273
0.46 7.08092146273
0.47 7.08092146273
0.48 7.08092146273
0.49 7.08092146273
0.5 7.08092146273
0.51 7.08092146273
0.52 7.08092146273
0.53 7.08092146273
0.54 7.08092146273
0.55 7.08092146273
0.56 7.08092146273
0.57 7.08092146273
0.58 7.08092146273
0.59 7.08092146273
0.6 7.08092146273
0.61 7.08092146273
0.62 7.08092146273
0.63 7.08092146273
0.64 7.08092146273
0.65 7.08092146273
0.66 7.08092146273
0.67 7.08092146273
0.68 7.08092146273
0.69 7.08092146273
0.7 7.08092146273
0.71 7.08092146273
0.72 7.08092146273
0.73 7.08092146273
0.74 7.08092146273
0.75 7.08092146273
0.76 7.08092146273
0.77 7.08092146273
0.78 7.08092146273
0.79 7.08092146273
0.8 7.08092146273
0.81 7.08092146273
0.82 7.08092146273
0.83 7.08092146273
0.84 7.08092146273
0.85 7.08092146273
0.86 7.08092146273
0.87 7.08092146273
0.88 7.08092146273
0.89 7.08092146273
0.9 7.08092146273
0.91 7.08092146273
0.92 7.08092146273
0.93 7.08092146273
0.94 7.08092146273
0.95 7.08092146273
0.96 7.08092146273
0.97 7.08092146273
0.98 7.08092146273
0.99 7.08092146273
