# Compound Maltose

0.0 5.86076347701
0.01 5.73280976437
0.02 5.64633905155
0.03 5.5361493168
0.04 5.43860008957
0.05 5.35351982663
0.06 5.27768257792
0.07 5.20787429519
0.08 5.1415989177
0.09 5.07712635036
0.1 5.01266073198
0.11 4.94854018723
0.12 4.88602214477
0.13 4.81628468478
0.14 4.74273826738
0.15 4.66829563097
0.16 4.59496484939
0.17 4.52396745874
0.18 4.45595848624
0.19 4.39122118297
0.2 4.32980996162
0.21 4.271646462
0.22 4.21658073518
0.23 4.16442870551
0.24 4.11499432587
0.25 4.06808219839
0.26 4.02350441184
0.27 3.98108394892
0.28 3.94065610385
0.29 3.90206877535
0.3 3.86518214643
0.31 3.82986804945
0.32 3.79600918737
0.33 3.76349830822
0.34 3.73223738546
0.35 3.70213683242
0.36 3.67311476443
0.37 3.64509631402
0.38 3.61801300025
0.39 3.59180215086
0.4 3.5664063744
0.41 3.54177307927
0.42 3.51785403608
0.43 3.49460498008
0.44 3.47198525013
0.45 3.44995746122
0.46 3.42848720758
0.47 3.40754279354
0.48 3.38709498979
0.49 3.36711681246
0.5 3.34758332324
0.51 3.32847144819
0.52 3.30975981378
0.53 3.29142859841
0.54 3.27345939787
0.55 3.25583510353
0.56 3.23853979197
0.57 3.2215586249
0.58 3.20487775855
0.59 3.18848426134
0.6 3.17236603933
0.61 3.15651176846
0.62 3.14091083302
0.63 3.1255532698
0.64 3.11042971724
0.65 3.09553136917
0.66 3.08084993278
0.67 3.06637759019
0.68 3.05210696353
0.69 3.03803108297
0.7 3.02414335764
0.71 3.01043754892
0.72 2.99690774608
0.73 2.98354834395
0.74 2.97035402244
0.75 2.95731972775
0.76 2.94444065507
0.77 2.93171223275
0.78 2.91913010765
0.79 2.90669013164
0.8 2.89438834917
0.81 2.88222098578
0.82 2.87018443742
0.83 2.85827526065
0.84 2.84649016341
0.85 2.83482599662
0.86 2.8232797462
0.87 2.81184852576
0.88 2.80052956974
0.89 2.78932022701
0.9 2.77821795485
0.91 2.76722031341
0.92 2.75632496045
0.93 2.74552964638
0.94 2.73483220972
0.95 2.7242305727
0.96 2.71372273719
0.97 2.70330678086
0.98 2.69298085357
0.99 2.68274317391
