# Compound {(1,4)-alpha-D-glucosyl}(N+1)

0.0 4.60623860194
0.01 4.53407960281
0.02 4.39103311072
0.03 4.25049963868
0.04 4.11478822529
0.05 3.9870545079
0.06 3.87151541368
0.07 3.76298861019
0.08 3.68171970795
0.09 3.6199739506
0.1 3.61729176225
0.11 4.80374412853
0.12 4.30899677873
0.13 3.92546330536
0.14 3.61877172667
0.15 3.36944222133
0.16 3.16467792446
0.17 2.99528989071
0.18 2.85434211316
0.19 2.73644975795
0.2 2.63736111958
0.21 2.55368183121
0.22 2.48268046623
0.23 2.42214572429
0.24 2.37027868682
0.25 2.32561003368
0.26 2.28693557711
0.27 2.25326553096
0.28 2.22378424864
0.29 2.1978180451
0.3 2.17480932856
0.31 2.15429570251
0.32 2.13589301256
0.33 2.11928154512
0.34 2.10419475811
0.35 2.0904100554
0.36 2.07774121746
0.37 2.06603217868
0.38 2.05515190294
0.39 2.04499015704
0.4 2.03545401972
0.41 2.02646499455
0.42 2.01795661936
0.43 2.00987248452
0.44 2.00216458844
0.45 1.99479197148
0.46 1.9877195799
0.47 1.98091732037
0.48 1.9743592721
0.49 1.96802302987
0.5 1.96188915552
0.51 1.95594071963
0.52 1.9501629182
0.53 1.94454275162
0.54 1.93906875565
0.55 1.9337307756
0.56 1.92851977673
0.57 1.92342768466
0.58 1.91844725102
0.59 1.91357194013
0.6 1.90879583328
0.61 1.90411354778
0.62 1.89952016835
0.63 1.89501118885
0.64 1.89058246275
0.65 1.8862301609
0.66 1.88195073545
0.67 1.87774088895
0.68 1.87359754778
0.69 1.86951783934
0.7 1.8654990723
0.71 1.86153871946
0.72 1.85763440291
0.73 1.85378388101
0.74 1.84998503707
0.75 1.8462358693
0.76 1.84253448199
0.77 1.83887907772
0.78 1.83526795031
0.79 1.83169947868
0.8 1.82817212116
0.81 1.8246844105
0.82 1.82123494929
0.83 1.81782240576
0.84 1.81444551005
0.85 1.81110305066
0.86 1.8077938713
0.87 1.8045168679
0.88 1.80127098591
0.89 1.79805521771
0.9 1.79486860027
0.91 1.79171021295
0.92 1.7885791754
0.93 1.78547464563
0.94 1.78239581815
0.95 1.77934192231
0.96 1.7763122206
0.97 1.77330600719
0.98 1.77032260639
0.99 1.76736137134
