# Compound flavonol3-O-D-glucoside

0.0 9.16581548515
0.01 10.0314103791
0.02 10.2872878364
0.03 10.5845513749
0.04 10.9275372984
0.05 11.3281561488
0.06 11.8072945384
0.07 12.3000335432
0.08 12.9519827925
0.09 13.6699666778
0.1 14.689915544
0.11 12.8467618796
0.12 12.2785935115
0.13 12.0178591397
0.14 11.8984538197
0.15 11.8457372926
0.16 11.8242568687
0.17 11.8166528361
0.18 11.8143756607
0.19 11.8133067372
0.2 11.8115836185
0.21 11.8084840879
0.22 11.803844647
0.23 11.7977575867
0.24 11.7904157339
0.25 11.7820357519
0.26 11.772822863
0.27 11.7629569351
0.28 11.7525891459
0.29 11.7418435019
0.3 11.7308202587
0.31 11.7195997803
0.32 11.7082461727
0.33 11.6968104354
0.34 11.6853330763
0.35 11.6738462283
0.36 11.6623753358
0.37 11.6509404906
0.38 11.6395574862
0.39 11.6282386512
0.4 11.6169935099
0.41 11.605829309
0.42 11.5947514403
0.43 11.5837637817
0.44 11.5728689744
0.45 11.5620686495
0.46 11.5513636147
0.47 11.5407540081
0.48 11.5302394262
0.49 11.51981903
0.5 11.5094916339
0.51 11.4992557794
0.52 11.4891097967
0.53 11.4790518562
0.54 11.4690800113
0.55 11.4591922341
0.56 11.4493864443
0.57 11.4396605341
0.58 11.4300123873
0.59 11.4204398964
0.6 11.4109409748
0.61 11.4015135679
0.62 11.3921556608
0.63 11.3828652852
0.64 11.3736405242
0.65 11.3644795154
0.66 11.3553804539
0.67 11.3463415937
0.68 11.3373612485
0.69 11.3284377923
0.7 11.3195696586
0.71 11.3107553402
0.72 11.3019933883
0.73 11.293282411
0.74 11.2846210721
0.75 11.2760080897
0.76 11.267442234
0.77 11.2589223265
0.78 11.2504472373
0.79 11.2420158839
0.8 11.2336272291
0.81 11.2252802794
0.82 11.2169740832
0.83 11.2087077289
0.84 11.2004803433
0.85 11.1922910898
0.86 11.1841391671
0.87 11.1760238072
0.88 11.1679442743
0.89 11.159899863
0.9 11.151889897
0.91 11.1439137278
0.92 11.1359707333
0.93 11.1280603168
0.94 11.1201819053
0.95 11.1123349491
0.96 11.1045189198
0.97 11.0967333101
0.98 11.0889776323
0.99 11.0812514175
