# Compound maltose

0.0 8.65027641674
0.01 7.6622768403
0.02 6.85756858452
0.03 6.2834343926
0.04 5.83620718809
0.05 5.465320159
0.06 5.14417115495
0.07 4.85731783826
0.08 4.59563715339
0.09 4.35241031083
0.1 4.12323349281
0.11 3.90120408487
0.12 3.69765816036
0.13 3.50912820809
0.14 3.33210024601
0.15 3.16631934437
0.16 3.01206992945
0.17 2.86939098967
0.18 2.73796916036
0.19 2.61722936238
0.2 2.50645059632
0.21 2.4048564057
0.22 2.31167361545
0.23 2.22616586308
0.24 2.14765009938
0.25 2.0755026106
0.26 2.00915906061
0.27 1.94811139787
0.28 1.89190332816
0.29 1.84012532087
0.3 1.79240967017
0.31 1.74842586925
0.32 1.70787640663
0.33 1.67049301229
0.34 1.63603333883
0.35 1.60427804376
0.36 1.57502823106
0.37 1.54810321
0.38 1.52333853102
0.39 1.5005842626
0.4 1.47970347727
0.41 1.46057091866
0.42 1.44307182582
0.43 1.42710089389
0.44 1.41256135328
0.45 1.39936415233
0.46 1.38742723003
0.47 1.37667486776
0.48 1.36703711021
0.49 1.35844924703
0.5 1.35085134822
0.51 1.34418784665
0.52 1.33840716247
0.53 1.33346136459
0.54 1.32930586507
0.55 1.32589914281
0.56 1.32320249338
0.57 1.32117980215
0.58 1.31979733829
0.59 1.31902356748
0.6 1.31882898145
0.61 1.31918594252
0.62 1.32006854183
0.63 1.32145246978
0.64 1.3233148975
0.65 1.32563436841
0.66 1.32839069876
0.67 1.33156488645
0.68 1.33513902724
0.69 1.33909623778
0.7 1.34342058479
0.71 1.34809701985
0.72 1.35311131931
0.73 1.35845002884
0.74 1.36410041233
0.75 1.37005040457
0.76 1.37628856762
0.77 1.38280405035
0.78 1.38958655104
0.79 1.39662628274
0.8 1.40391394107
0.81 1.41144067447
0.82 1.41919805646
0.83 1.42717805995
0.84 1.43537303335
0.85 1.44377567828
0.86 1.45237902893
0.87 1.46117643273
0.88 1.4701615324
0.89 1.47932824921
0.9 1.48867076732
0.91 1.4981835192
0.92 1.50786117196
0.93 1.51769861465
0.94 1.52769094626
0.95 1.53783346464
0.96 1.54812165599
0.97 1.55855118506
0.98 1.56911788601
0.99 1.57981775375
