# Compound 2D-glucose

0.0 5.80022334096
0.01 5.80022334096
0.02 5.80022334096
0.03 5.80022334096
0.04 5.80022334096
0.05 5.80022334096
0.06 5.80022334096
0.07 5.80022334096
0.08 5.80022334096
0.09 5.80022334096
0.1 5.80022334096
0.11 5.80022334096
0.12 5.80022334096
0.13 5.80022334096
0.14 5.80022334096
0.15 5.80022334096
0.16 5.80022334096
0.17 5.80022334096
0.18 5.80022334096
0.19 5.80022334096
0.2 5.80022334096
0.21 5.80022334096
0.22 5.80022334096
0.23 5.80022334096
0.24 5.80022334096
0.25 5.80022334096
0.26 5.80022334096
0.27 5.80022334096
0.28 5.80022334096
0.29 5.80022334096
0.3 5.80022334096
0.31 5.80022334096
0.32 5.80022334096
0.33 5.80022334096
0.34 5.80022334096
0.35 5.80022334096
0.36 5.80022334096
0.37 5.80022334096
0.38 5.80022334096
0.39 5.80022334096
0.4 5.80022334096
0.41 5.80022334096
0.42 5.80022334096
0.43 5.80022334096
0.44 5.80022334096
0.45 5.80022334096
0.46 5.80022334096
0.47 5.80022334096
0.48 5.80022334096
0.49 5.80022334096
0.5 5.80022334096
0.51 5.80022334096
0.52 5.80022334096
0.53 5.80022334096
0.54 5.80022334096
0.55 5.80022334096
0.56 5.80022334096
0.57 5.80022334096
0.58 5.80022334096
0.59 5.80022334096
0.6 5.80022334096
0.61 5.80022334096
0.62 5.80022334096
0.63 5.80022334096
0.64 5.80022334096
0.65 5.80022334096
0.66 5.80022334096
0.67 5.80022334096
0.68 5.80022334096
0.69 5.80022334096
0.7 5.80022334096
0.71 5.80022334096
0.72 5.80022334096
0.73 5.80022334096
0.74 5.80022334096
0.75 5.80022334096
0.76 5.80022334096
0.77 5.80022334096
0.78 5.80022334096
0.79 5.80022334096
0.8 5.80022334096
0.81 5.80022334096
0.82 5.80022334096
0.83 5.80022334096
0.84 5.80022334096
0.85 5.80022334096
0.86 5.80022334096
0.87 5.80022334096
0.88 5.80022334096
0.89 5.80022334096
0.9 5.80022334096
0.91 5.80022334096
0.92 5.80022334096
0.93 5.80022334096
0.94 5.80022334096
0.95 5.80022334096
0.96 5.80022334096
0.97 5.80022334096
0.98 5.80022334096
0.99 5.80022334096
