# Compound N-acetyl-D-glucosaminyldiphosphoundecaprenol

0.0 1.12638101839
0.01 1.0666009169
0.02 1.28033617546
0.03 1.50438442171
0.04 1.73557731191
0.05 1.9631874274
0.06 2.16881549883
0.07 2.3743712426
0.08 2.47994837827
0.09 2.51861556228
0.1 2.2835914978
0.11 7.09894740887
0.12 7.09064590709
0.13 7.03613279013
0.14 6.97409078852
0.15 6.91735326093
0.16 6.86970514703
0.17 6.831564837
0.18 6.80210035346
0.19 6.78007867674
0.2 6.76422304454
0.21 6.75336180606
0.22 6.74648235089
0.23 6.74274021895
0.24 6.74144752369
0.25 6.74205297575
0.26 6.744119842
0.27 6.74730498169
0.28 6.75134034431
0.29 6.75601735699
0.3 6.76117413367
0.31 6.76668520809
0.32 6.77245341087
0.33 6.77840350856
0.34 6.78447725775
0.35 6.79062957738
0.36 6.79682559468
0.37 6.80303836789
0.38 6.80924713058
0.39 6.81543593642
0.4 6.82159261096
0.41 6.82770793872
0.42 6.83377503055
0.43 6.83978882978
0.44 6.84574572498
0.45 6.85164324532
0.46 6.85747981997
0.47 6.86325458729
0.48 6.86896724311
0.49 6.87461791964
0.5 6.88020708859
0.51 6.88573548356
0.52 6.89120403767
0.53 6.89661383338
0.54 6.90196606229
0.55 6.90726199268
0.56 6.91250294352
0.57 6.91769026369
0.58 6.92282531532
0.59 6.92790946065
0.6 6.93294405157
0.61 6.93793042151
0.62 6.94286987913
0.63 6.94776370359
0.64 6.95261314093
0.65 6.95741940159
0.66 6.96218365864
0.67 6.96690704672
0.68 6.97159066148
0.69 6.97623555947
0.7 6.98084275836
0.71 6.98541323743
0.72 6.98994793827
0.73 6.99444776564
0.74 6.99891358844
0.75 7.0033462408
0.76 7.00774652322
0.77 7.01211520373
0.78 7.01645301908
0.79 7.02076067599
0.8 7.02503885229
0.81 7.02928819818
0.82 7.03350933738
0.83 7.03770286826
0.84 7.04186936496
0.85 7.04600937853
0.86 7.05012343791
0.87 7.05421205099
0.88 7.05827570558
0.89 7.06231487034
0.9 7.0663299957
0.91 7.0703215147
0.92 7.07428984383
0.93 7.07823538382
0.94 7.08215852037
0.95 7.08605962493
0.96 7.0899390553
0.97 7.09379715635
0.98 7.09763426059
0.99 7.10145068881
