# Compound NADH

0.0 0.0
0.01 0.000280711378932
0.02 0.000552932485694
0.03 0.000817028386
0.04 0.0010733476173
0.05 0.00132222289201
0.06 0.00156397176836
0.07 0.00179889729039
0.08 0.00202728859855
0.09 0.00224942151205
0.1 0.00246555908445
0.11 0.00267595213348
0.12 0.00288083962274
0.13 0.00308044904925
0.14 0.00327499699365
0.15 0.00346468962271
0.16 0.0036497231125
0.17 0.00383028405205
0.18 0.0040065498283
0.19 0.00417868899334
0.2 0.00434686161446
0.21 0.00451121960805
0.22 0.00467190709447
0.23 0.00482906070465
0.24 0.00498280976421
0.25 0.00513327663235
0.26 0.00528057696575
0.27 0.00542491926785
0.28 0.00556661849313
0.29 0.0057057890677
0.3 0.00584254034873
0.31 0.00597697684532
0.32 0.00610919842974
0.33 0.00623930053958
0.34 0.00636737437121
0.35 0.00649350706489
0.36 0.00661778188183
0.37 0.00674027837375
0.38 0.00686107254495
0.39 0.00698023700758
0.4 0.00709784113
0.41 0.0072139511789
0.42 0.00732863045521
0.43 0.00744193942411
0.44 0.00755393583954
0.45 0.00766467486323
0.46 0.00777420917865
0.47 0.00788258910004
0.48 0.0079898626767
0.49 0.00809607579282
0.5 0.00820127226295
0.51 0.00830549564423
0.52 0.00840860351162
0.53 0.00851081991411
0.54 0.00861218090675
0.55 0.00871272091222
0.56 0.00881247279323
0.57 0.00891146792182
0.58 0.00900973624561
0.59 0.00910730635124
0.6 0.00920420552501
0.61 0.00930045981088
0.62 0.00939609406599
0.63 0.00949113201374
0.64 0.00958559629456
0.65 0.00967950851451
0.66 0.0097728892917
0.67 0.00986575830074
0.68 0.00995813431521
0.69 0.0100500352483
0.7 0.0101414781918
0.71 0.0102322457057
0.72 0.0103224716059
0.73 0.0104122846284
0.74 0.0105016985059
0.75 0.0105907263365
0.76 0.0106793806128
0.77 0.0107676732497
0.78 0.0108556156108
0.79 0.010943218534
0.8 0.0110304923556
0.81 0.0111174469338
0.82 0.0112040916704
0.83 0.0112904355325
0.84 0.0113764870725
0.85 0.0114622544474
0.86 0.0115477454374
0.87 0.0116329674638
0.88 0.0117179276055
0.89 0.0118026326154
0.9 0.0118870889357
0.91 0.0119713027128
0.92 0.0120552798112
0.93 0.0121390258272
0.94 0.0122225461012
0.95 0.0123058457307
0.96 0.0123889295815
0.97 0.0124718022991
0.98 0.0125544683192
0.99 0.0126369318781
1.0 0.0127191970224
1.01 0.0128012676184
1.02 0.0128831473604
1.03 0.0129648397801
1.04 0.0130463482539
1.05 0.013127676011
1.06 0.0132088261407
1.07 0.0132898015994
1.08 0.0133706052171
1.09 0.0134512397044
1.1 0.0135317076578
1.11 0.0136120115661
1.12 0.0136921538158
1.13 0.0137721366962
1.14 0.0138519624048
1.15 0.0139316330516
1.16 0.0140111506643
1.17 0.0140905171922
1.18 0.0141697345105
1.19 0.0142488044243
1.2 0.0143277286725
1.21 0.0144065089311
1.22 0.0144851468168
1.23 0.0145636438904
1.24 0.0146420016598
1.25 0.0147202215826
1.26 0.0147983050697
1.27 0.0148762534872
1.28 0.0149540681596
1.29 0.0150317503717
1.3 0.0151093013712
1.31 0.0151867223709
1.32 0.0152640145507
1.33 0.0153411790595
1.34 0.0154182170176
1.35 0.0154951295177
1.36 0.0155719176272
1.37 0.0156485823897
1.38 0.0157251248264
1.39 0.0158015459378
1.4 0.0158778467048
1.41 0.0159540280903
1.42 0.0160300910403
1.43 0.0161060364851
1.44 0.0161818653405
1.45 0.0162575785088
1.46 0.0163331768799
1.47 0.0164086613323
1.48 0.0164840327338
1.49 0.0165592919424
1.5 0.0166344398076
1.51 0.0167094771706
1.52 0.0167844048651
1.53 0.0168592237185
1.54 0.0169339345519
1.55 0.0170085381812
1.56 0.0170830354176
1.57 0.017157427068
1.58 0.0172317139357
1.59 0.0173058968209
1.6 0.0173799765209
1.61 0.0174539538311
1.62 0.0175278295449
1.63 0.0176016044544
1.64 0.0176752793506
1.65 0.0177488550239
1.66 0.0178223322645
1.67 0.0178957118626
1.68 0.0179689946087
1.69 0.0180421812938
1.7 0.0181152727099
1.71 0.0181882696503
1.72 0.0182611729096
1.73 0.0183339832839
1.74 0.0184067015713
1.75 0.0184793285721
1.76 0.0185518650885
1.77 0.0186243119255
1.78 0.0186966698906
1.79 0.018768939794
1.8 0.0188411224491
1.81 0.0189132186722
1.82 0.0189852292829
1.83 0.0190571551042
1.84 0.0191289969628
1.85 0.0192007556889
1.86 0.0192724321164
1.87 0.0193440270832
1.88 0.0194155414313
1.89 0.0194869760065
1.9 0.0195583316592
1.91 0.0196296092439
1.92 0.0197008096195
1.93 0.0197719336494
1.94 0.0198429822017
1.95 0.019913956149
1.96 0.0199848563689
1.97 0.0200556837437
1.98 0.0201264391606
1.99 0.020197123512
2.0 0.0202677376951
2.01 0.0203382826127
2.02 0.0204087591724
2.03 0.0204791682875
2.04 0.0205495108764
2.05 0.0206197878633
2.06 0.0206900001778
2.07 0.0207601487552
2.08 0.0208302345365
2.09 0.0209002584684
2.1 0.0209702215039
2.11 0.0210401246014
2.12 0.0211099687259
2.13 0.0211797548482
2.14 0.0212494839454
2.15 0.0213191570011
2.16 0.021388775005
2.17 0.0214583389536
2.18 0.0215278498498
2.19 0.0215973087033
2.2 0.0216667165305
2.21 0.0217360743548
2.22 0.0218053832065
2.23 0.021874644123
2.24 0.0219438581489
2.25 0.0220130263362
2.26 0.0220821497442
2.27 0.0221512294398
2.28 0.0222202664976
2.29 0.022289262
2.3 0.0223582170372
2.31 0.0224271327074
2.32 0.0224960101172
2.33 0.0225648503814
2.34 0.022633654623
2.35 0.022702423974
2.36 0.0227711595749
2.37 0.022839862575
2.38 0.0229085341329
2.39 0.0229771754162
2.4 0.0230457876019
2.41 0.0231143718766
2.42 0.0231829294364
2.43 0.0232514614877
2.44 0.0233199692464
2.45 0.0233884539391
2.46 0.0234569168027
2.47 0.0235253590845
2.48 0.0235937820431
2.49 0.0236621869477
2.5 0.023730575079
2.51 0.023798947729
2.52 0.0238673062017
2.53 0.0239356518127
2.54 0.0240039858898
2.55 0.0240723097734
2.56 0.0241406248164
2.57 0.0242089323846
2.58 0.0242772338571
2.59 0.0243455306262
2.6 0.024413824098
2.61 0.0244821156927
2.62 0.0245504068447
2.63 0.0246186990029
2.64 0.0246869936312
2.65 0.0247552922085
2.66 0.0248235962295
2.67 0.0248919072044
2.68 0.0249602266599
2.69 0.025028556139
2.7 0.0250968972017
2.71 0.025165251425
2.72 0.0252336204039
2.73 0.0253020057511
2.74 0.0253704090978
2.75 0.025438832094
2.76 0.0255072764088
2.77 0.0255757437312
2.78 0.02564423577
2.79 0.0257127542546
2.8 0.0257813009355
2.81 0.0258498775846
2.82 0.0259184859958
2.83 0.0259871279852
2.84 0.0260558053921
2.85 0.0261245200794
2.86 0.0261932739336
2.87 0.0262620688663
2.88 0.0263309068139
2.89 0.0263997897388
2.9 0.0264687196295
2.91 0.0265376985016
2.92 0.0266067283984
2.93 0.0266758113915
2.94 0.0267449495812
2.95 0.0268141450978
2.96 0.0268834001016
2.97 0.0269527167843
2.98 0.0270220973694
2.99 0.0270915441129
