# Compound {(1,4)-beta-D-glucosyl}(N+1)

0.0 3.0770114361
0.01 3.47678218296
0.02 3.52920304989
0.03 3.59896014663
0.04 3.68491376285
0.05 3.78945149991
0.06 3.91632565123
0.07 4.04389782325
0.08 4.20538537106
0.09 4.37081682556
0.1 4.56967968505
0.11 5.32004889332
0.12 5.09308766498
0.13 4.97924040619
0.14 4.92273765072
0.15 4.89517424717
0.16 4.8821288203
0.17 4.87627418476
0.18 4.87389469141
0.19 4.8731184841
0.2 4.87301455962
0.21 4.87312992384
0.22 4.87325235808
0.23 4.87328926196
0.24 4.87320621678
0.25 4.87299617417
0.26 4.87266424979
0.27 4.87222039148
0.28 4.87167596597
0.29 4.87104225745
0.3 4.87032987233
0.31 4.86954855555
0.32 4.86870718053
0.33 4.86781380317
0.34 4.8668757321
0.35 4.86589959675
0.36 4.86489140747
0.37 4.86385660776
0.38 4.86280011966
0.39 4.86172638427
0.4 4.86063939868
0.41 4.85954275023
0.42 4.85843964876
0.43 4.85733295717
0.44 4.85622522034
0.45 4.85511869257
0.46 4.85401536346
0.47 4.85291698209
0.48 4.85182507976
0.49 4.85074099098
0.5 4.84966587288
0.51 4.8486007231
0.52 4.8475463961
0.53 4.84650361811
0.54 4.84547300061
0.55 4.84445505266
0.56 4.84345019195
0.57 4.84245875481
0.58 4.84148100521
0.59 4.84051714282
0.6 4.83956731032
0.61 4.83863159985
0.62 4.83771005886
0.63 4.83680269533
0.64 4.83590948246
0.65 4.83503036279
0.66 4.83416525198
0.67 4.83331404212
0.68 4.83247660472
0.69 4.8316527934
0.7 4.83084244621
0.71 4.83004538783
0.72 4.8292614314
0.73 4.82849038029
0.74 4.82773202953
0.75 4.82698616725
0.76 4.82625257584
0.77 4.82553103302
0.78 4.82482131283
0.79 4.82412318648
0.8 4.82343642312
0.81 4.82276079048
0.82 4.82209605554
0.83 4.82144198503
0.84 4.8207983459
0.85 4.82016490578
0.86 4.81954143332
0.87 4.81892769856
0.88 4.81832347319
0.89 4.81772853082
0.9 4.81714264722
0.91 4.8165656005
0.92 4.8159971713
0.93 4.81543714293
0.94 4.81488530149
0.95 4.81434143603
0.96 4.81380533858
0.97 4.81327680428
0.98 4.81275563142
0.99 4.8122416215
