# Compound isoflavone

0.0 6.28493592816
0.01 6.1613642011
0.02 6.37046439868
0.03 6.59269333254
0.04 6.82655675613
0.05 7.06291208085
0.06 7.28519511396
0.07 7.52021062925
0.08 7.66693534284
0.09 7.76327786181
0.1 7.59726300437
0.11 13.1014542905
0.12 13.2681836083
0.13 13.3404067793
0.14 13.3690212049
0.15 13.3762851786
0.16 13.3731917072
0.17 13.3655819953
0.18 13.3566496911
0.19 13.3481179849
0.2 13.3408597448
0.21 13.3352511205
0.22 13.3313823707
0.23 13.3291858702
0.24 13.3285137991
0.25 13.3291846045
0.26 13.33100998
0.27 13.3338097585
0.28 13.3374194059
0.29 13.3416930862
0.3 13.3465041597
0.31 13.3517442764
0.32 13.3573217693
0.33 13.3631597704
0.34 13.369194292
0.35 13.3753724058
0.36 13.3816505847
0.37 13.3879932322
0.38 13.3943714018
0.39 13.4007616958
0.4 13.407145328
0.41 13.4135073308
0.42 13.4198358881
0.43 13.4261217777
0.44 13.4323579052
0.45 13.4385389169
0.46 13.4446608783
0.47 13.4507210077
0.48 13.4567174567
0.49 13.4626491286
0.5 13.4685155288
0.51 13.4743166425
0.52 13.4800528332
0.53 13.4857247607
0.54 13.4913333134
0.55 13.496879553
0.56 13.5023646701
0.57 13.5077899474
0.58 13.5131567306
0.59 13.5184664045
0.6 13.523720374
0.61 13.5289200492
0.62 13.534066833
0.63 13.5391621123
0.64 13.5442072502
0.65 13.5492035808
0.66 13.5541524048
0.67 13.559054987
0.68 13.5639125536
0.69 13.5687262916
0.7 13.5734973477
0.71 13.5782268279
0.72 13.5829157983
0.73 13.587565285
0.74 13.5921762753
0.75 13.596749718
0.76 13.6012865249
0.77 13.6057875717
0.78 13.6102536995
0.79 13.6146857154
0.8 13.6190843944
0.81 13.6234504804
0.82 13.6277846873
0.83 13.6320877006
0.84 13.6363601782
0.85 13.6406027522
0.86 13.6448160293
0.87 13.6490005925
0.88 13.6531570022
0.89 13.6572857967
0.9 13.6613874939
0.91 13.6654625917
0.92 13.6695115695
0.93 13.6735348884
0.94 13.6775329928
0.95 13.6815063105
0.96 13.685455254
0.97 13.689380221
0.98 13.6932815952
0.99 13.6971597468
