# Compound anarylamine

0.0 2.739056169
0.01 2.40514292756
0.02 2.35920519104
0.03 2.29798369453
0.04 2.21832832023
0.05 2.11225854818
0.06 1.96638221451
0.07 1.81158954802
0.08 1.56561490063
0.09 1.27586345941
0.1 3.17424010587
0.11 3.84452336017
0.12 3.6266834949
0.13 3.42647362143
0.14 3.27028503397
0.15 3.1563611807
0.16 3.07630923046
0.17 3.02157882036
0.18 2.98515932073
0.19 2.96175139518
0.2 2.94750207464
0.21 2.93966779529
0.22 2.93631766326
0.23 2.93610136375
0.24 2.9380773224
0.25 2.94158921729
0.26 2.94617879969
0.27 2.95152502803
0.28 2.95740187061
0.29 2.96364917617
0.3 2.97015261117
0.31 2.97682985106
0.32 2.98362106916
0.33 2.99048237245
0.34 2.99738125606
0.35 3.00429344089
0.36 3.01120065985
0.37 3.01808909618
0.38 3.02494827137
0.39 3.03177024446
0.4 3.03854902825
0.41 3.04528015769
0.42 3.05196036595
0.43 3.0585873377
0.44 3.06515951815
0.45 3.07167596329
0.46 3.07813622077
0.47 3.08454023403
0.48 3.09088826447
0.49 3.09718082771
0.5 3.10341864111
0.51 3.10960258026
0.52 3.11573364301
0.53 3.12181291952
0.54 3.12784156738
0.55 3.13382079102
0.56 3.13975182464
0.57 3.14563591812
0.58 3.15147432553
0.59 3.15726829565
0.6 3.16301906442
0.61 3.16872784879
0.62 3.17439584193
0.63 3.18002420948
0.64 3.1856140867
0.65 3.19116657636
0.66 3.1966827473
0.67 3.20216363346
0.68 3.20761023339
0.69 3.21302351005
0.7 3.21840439099
0.71 3.22375376868
0.72 3.22907250106
0.73 3.23436141225
0.74 3.23962129336
0.75 3.24485290338
0.76 3.25005697018
0.77 3.25523419147
0.78 3.2603852359
0.79 3.26551074408
0.8 3.27061132966
0.81 3.27568758038
0.82 3.28074005914
0.83 3.28576930499
0.84 3.29077583421
0.85 3.29576014125
0.86 3.3007226997
0.87 3.30566396322
0.88 3.31058436646
0.89 3.31548432591
0.9 3.32036424075
0.91 3.32522449363
0.92 3.33006545148
0.93 3.33488746623
0.94 3.33969087551
0.95 3.34447600336
0.96 3.34924316082
0.97 3.35399264662
0.98 3.35872474772
0.99 3.36343973988
