# Compound 1-O-trans-cinnamoyl-beta-D-glucopyranose

0.0 9.80373974966
0.01 9.58984228537
0.02 9.40062499381
0.03 9.22516467447
0.04 9.06386061359
0.05 8.91594784506
0.06 8.78043643117
0.07 8.65630463989
0.08 8.54256760123
0.09 8.43831032818
0.1 8.34268910507
0.11 8.2549745241
0.12 8.17442007882
0.13 8.10027130419
0.14 8.03187586094
0.15 7.96868168772
0.16 7.91022020577
0.17 7.85608705595
0.18 7.80592666393
0.19 7.75942131033
0.2 7.71628375139
0.21 7.67625226224
0.22 7.63908721745
0.23 7.6045686109
0.24 7.57249414187
0.25 7.54267764656
0.26 7.51494774887
0.27 7.48914666061
0.28 7.46512909256
0.29 7.44276125541
0.3 7.42191993841
0.31 7.40249165833
0.32 7.38437187332
0.33 7.3674642575
0.34 7.35168003231
0.35 7.33693735099
0.36 7.32316073271
0.37 7.31028054271
0.38 7.29823251534
0.39 7.28695731661
0.4 7.27640014322
0.41 7.26651035526
0.42 7.25724113974
0.43 7.24854920252
0.44 7.24039448615
0.45 7.23273991155
0.46 7.22555114139
0.47 7.21879636343
0.48 7.21244609193
0.49 7.20647298574
0.5 7.2008516815
0.51 7.19555864069
0.52 7.19057200929
0.53 7.18587148904
0.54 7.18143821911
0.55 7.17725466753
0.56 7.17330453128
0.57 7.1695726445
0.58 7.16604489403
0.59 7.1627081416
0.6 7.15955015223
0.61 7.15655952826
0.62 7.15372564848
0.63 7.151038612
0.64 7.14848918648
0.65 7.14606876031
0.66 7.14376929841
0.67 7.1415833014
0.68 7.13950376785
0.69 7.13752415938
0.7 7.13563836826
0.71 7.13384068755
0.72 7.13212578331
0.73 7.13048866895
0.74 7.12892468136
0.75 7.12742945884
0.76 7.12599892058
0.77 7.12462924762
0.78 7.12331686519
0.79 7.12205842626
0.8 7.12085079632
0.81 7.11969103918
0.82 7.11857640376
0.83 7.11750431185
0.84 7.11647234668
0.85 7.11547824231
0.86 7.11451987369
0.87 7.11359524749
0.88 7.11270249353
0.89 7.11183985672
0.9 7.11100568965
0.91 7.11019844562
0.92 7.10941667217
0.93 7.10865900503
0.94 7.10792416246
0.95 7.10721093999
0.96 7.10651820552
0.97 7.10584489471
0.98 7.10519000671
0.99 7.10455260014
