# Compound sinapoyl-(S)-malate

0.0 6.36815144516
0.01 6.29264602206
0.02 6.20842645612
0.03 6.15520714675
0.04 6.10949264923
0.05 6.06668095424
0.06 6.0253519995
0.07 5.98509973008
0.08 5.94589767687
0.09 5.90760662395
0.1 5.87044702909
0.11 5.83310455559
0.12 5.79724421588
0.13 5.76690932196
0.14 5.74005132377
0.15 5.71542019882
0.16 5.69226921235
0.17 5.67015122623
0.18 5.64879380734
0.19 5.62802605202
0.2 5.60773653574
0.21 5.58784933688
0.22 5.56831037212
0.23 5.54907955452
0.24 5.53012621907
0.25 5.51142637746
0.26 5.49296100007
0.27 5.47471488186
0.28 5.45667584809
0.29 5.43883416606
0.3 5.4211820889
0.31 5.40371348983
0.32 5.38642356264
0.33 5.36930857354
0.34 5.35236565427
0.35 5.33559262954
0.36 5.31898787315
0.37 5.30255018838
0.38 5.28627870887
0.39 5.27017281685
0.4 5.254232076
0.41 5.23845617658
0.42 5.22284489086
0.43 5.20739803721
0.44 5.19211545133
0.45 5.17699696348
0.46 5.16204238065
0.47 5.14725147283
0.48 5.13262396269
0.49 5.118159518
0.5 5.10385774633
0.51 5.08971819164
0.52 5.07574033235
0.53 5.0619235806
0.54 5.04826728255
0.55 5.03477071942
0.56 5.02143310909
0.57 5.00825360827
0.58 4.99523131492
0.59 4.98236527099
0.6 4.96965446533
0.61 4.95709783671
0.62 4.94469427692
0.63 4.93244263389
0.64 4.92034171478
0.65 4.90839028907
0.66 4.89658709159
0.67 4.8849308254
0.68 4.87342016474
0.69 4.8620537577
0.7 4.85083022891
0.71 4.83974818211
0.72 4.82880620254
0.73 4.8180028593
0.74 4.80733670753
0.75 4.79680629053
0.76 4.78641014175
0.77 4.77614678664
0.78 4.76601474447
0.79 4.75601252996
0.8 4.74613865488
0.81 4.73639162952
0.82 4.72676996407
0.83 4.71727216991
0.84 4.70789676087
0.85 4.69864225427
0.86 4.68950717208
0.87 4.68049004181
0.88 4.67158939747
0.89 4.66280378042
0.9 4.65413174009
0.91 4.64557183479
0.92 4.63712263228
0.93 4.62878271046
0.94 4.62055065786
0.95 4.6124250742
0.96 4.60440457083
0.97 4.59648777114
0.98 4.58867331099
0.99 4.58095983898
