# Compound UDP-2-acetamido-4-dehydro-2,6-dideoxyglucose

0.0 1.09434885341
0.01 1.05489714833
0.02 1.01687386726
0.03 0.980309753765
0.04 0.945203101759
0.05 0.911536852189
0.06 0.879284124335
0.07 0.848411062906
0.08 0.818878863585
0.09 0.79064527853
0.1 0.76366578522
0.11 0.737894537719
0.12 0.7132847907
0.13 0.689789892325
0.14 0.667363793774
0.15 0.645961520997
0.16 0.625539299455
0.17 0.606054614961
0.18 0.587466256509
0.19 0.569734351858
0.2 0.552820395929
0.21 0.536687270165
0.22 0.521299251774
0.23 0.506622012836
0.24 0.492622610056
0.25 0.479269466389
0.26 0.466532345896
0.27 0.454382323167
0.28 0.44279174855
0.29 0.431734210236
0.3 0.421184494129
0.31 0.411118542248
0.32 0.401513410292
0.33 0.392347224869
0.34 0.383599140798
0.35 0.375249298815
0.36 0.367278783934
0.37 0.359669584655
0.38 0.352404553193
0.39 0.345467366814
0.4 0.338842490387
0.41 0.332515140185
0.42 0.326471248985
0.43 0.320697432484
0.44 0.315180957019
0.45 0.30990970861
0.46 0.304872163287
0.47 0.300057358689
0.48 0.295454866907
0.49 0.291054768531
0.5 0.286847627874
0.51 0.282824469329
0.52 0.278976754825
0.53 0.275296362338
0.54 0.271775565414
0.55 0.268407013672
0.56 0.26518371424
0.57 0.262099014087
0.58 0.259146583212
0.59 0.256320398648
0.6 0.253614729257
0.61 0.251024121261
0.62 0.248543384495
0.63 0.24616757933
0.64 0.243892004248
0.65 0.241712184036
0.66 0.239623858556
0.67 0.237622972084
0.68 0.235705663177
0.69 0.233868255041
0.7 0.232107246388
0.71 0.23041930274
0.72 0.228801248178
0.73 0.227250057493
0.74 0.225762848741
0.75 0.224336876162
0.76 0.222969523459
0.77 0.221658297408
0.78 0.220400821796
0.79 0.219194831656
0.8 0.218038167794
0.81 0.21692877159
0.82 0.215864680058
0.83 0.214844021156
0.84 0.213865009329
0.85 0.212925941276
0.86 0.212025191927
0.87 0.211161210626
0.88 0.2103325175
0.89 0.209537700012
0.9 0.208775409687
0.91 0.208044359
0.92 0.207343318421
0.93 0.206671113605
0.94 0.206026622726
0.95 0.205408773943
0.96 0.204816542987
0.97 0.204248950879
0.98 0.203705061749
0.99 0.203183980776
