# Compound beta-D-glucosylpoly(ribitolphosphate)

0.0 7.21851752099
0.01 7.42627080905
0.02 7.45984608757
0.03 7.5024036134
0.04 7.55542377054
0.05 7.62292566954
0.06 7.71158874122
0.07 7.8033464239
0.08 7.94159837771
0.09 8.09836449324
0.1 7.13571350107
0.11 7.04611997712
0.12 7.05780478395
0.13 7.10056777023
0.14 7.14314336337
0.15 7.17717319091
0.16 7.20189218041
0.17 7.21876731278
0.18 7.22963422947
0.19 7.23610553614
0.2 7.23943953343
0.21 7.24056477974
0.22 7.24014620756
0.23 7.23865198863
0.24 7.23640879174
0.25 7.23364370756
0.26 7.2305146494
0.27 7.22713181595
0.28 7.22357259424
0.29 7.21989180127
0.3 7.21612867931
0.31 7.21231166005
0.32 7.20846160797
0.33 7.20459403273
0.34 7.20072060429
0.35 7.19685019738
0.36 7.19298961754
0.37 7.18914411162
0.38 7.18531773161
0.39 7.1815135982
0.4 7.17773409512
0.41 7.17398101547
0.42 7.17025567392
0.43 7.16655899467
0.44 7.16289158153
0.45 7.15925377479
0.46 7.15564569795
0.47 7.15206729651
0.48 7.14851837051
0.49 7.14499860193
0.5 7.14150757782
0.51 7.13804480997
0.52 7.13460975147
0.53 7.1312018108
0.54 7.12782036373
0.55 7.12446476324
0.56 7.12113434798
0.57 7.11782844919
0.58 7.11454639651
0.59 7.11128752278
0.6 7.10805116787
0.61 7.10483668187
0.62 7.10164342756
0.63 7.09847078237
0.64 7.09531813991
0.65 7.09218491103
0.66 7.08907052465
0.67 7.08597442828
0.68 7.08289608825
0.69 7.07983498987
0.7 7.07679063739
0.71 7.07376255374
0.72 7.07075028035
0.73 7.06775337673
0.74 7.06477142007
0.75 7.06180400477
0.76 7.05885074195
0.77 7.05591125886
0.78 7.05298519843
0.79 7.05007221861
0.8 7.04717199187
0.81 7.04428420462
0.82 7.04140855665
0.83 7.0385447606
0.84 7.03569254137
0.85 7.03285163565
0.86 7.03002179137
0.87 7.02720276724
0.88 7.0243943322
0.89 7.02159626503
0.9 7.01880835386
0.91 7.01603039574
0.92 7.01326219623
0.93 7.010503569
0.94 7.00775433545
0.95 7.00501432436
0.96 7.00228337151
0.97 6.99956131936
0.98 6.99684801675
0.99 6.99414331857
