# Compound membrane-derived-oligosaccharideD-glucose

0.0 9.8493745717
0.01 9.85861500671
0.02 9.86736310672
0.03 9.87564479092
0.04 9.88348464666
0.05 9.89090599443
0.06 9.89793095006
0.07 9.90458048424
0.08 9.91087447929
0.09 9.91683178346
0.1 9.92247026272
0.11 9.9278068502
0.12 9.93285759327
0.13 9.93763769846
0.14 9.94216157425
0.15 9.94644287179
0.16 9.95049452371
0.17 9.95432878098
0.18 9.95795724805
0.19 9.9613909162
0.2 9.96464019533
0.21 9.96771494406
0.22 9.97062449844
0.23 9.97337769915
0.24 9.97598291738
0.25 9.97844807934
0.26 9.98078068965
0.27 9.98298785337
0.28 9.98507629707
0.29 9.98705238871
0.3 9.98892215656
0.31 9.99069130709
0.32 9.99236524201
0.33 9.9939490744
0.34 9.99544764393
0.35 9.99686553141
0.36 9.99820707251
0.37 9.99947637076
0.38 10.0006773099
0.39 10.0018135656
0.4 10.0028886164
0.41 10.0039057546
0.42 10.0048680955
0.43 10.0057785876
0.44 10.0066400209
0.45 10.0074550358
0.46 10.0082261309
0.47 10.0089556705
0.48 10.0096458919
0.49 10.0102989121
0.5 10.0109167346
0.51 10.0115012549
0.52 10.0120542666
0.53 10.0125774671
0.54 10.0130724622
0.55 10.0135407714
0.56 10.0139838325
0.57 10.014403006
0.58 10.014799579
0.59 10.0151747695
0.6 10.0155297297
0.61 10.0158655499
0.62 10.0161832618
0.63 10.0164838414
0.64 10.0167682121
0.65 10.0170372478
0.66 10.017291775
0.67 10.017532576
0.68 10.0177603906
0.69 10.0179759191
0.7 10.0181798239
0.71 10.0183727316
0.72 10.0185552353
0.73 10.0187278958
0.74 10.018891244
0.75 10.019045782
0.76 10.0191919848
0.77 10.0193303021
0.78 10.0194611589
0.79 10.0195849576
0.8 10.0197020789
0.81 10.0198128829
0.82 10.0199177102
0.83 10.0200168832
0.84 10.0201107069
0.85 10.0201994697
0.86 10.0202834446
0.87 10.0203628898
0.88 10.0204380496
0.89 10.0205091553
0.9 10.0205764253
0.91 10.0206400667
0.92 10.0207002752
0.93 10.0207572358
0.94 10.0208111238
0.95 10.020862105
0.96 10.020910336
0.97 10.0209559654
0.98 10.0209991333
0.99 10.0210399726
