# Compound D-glucosyl-N-acylsphingosine

0.0 0.816527514322
0.01 1.85047294467
0.02 2.45042432719
0.03 3.00408309738
0.04 3.53801212746
0.05 4.07389081956
0.06 4.62616831818
0.07 5.1462972911
0.08 5.72279095002
0.09 6.28883167777
0.1 6.96455622674
0.11 6.25958045083
0.12 6.13852125496
0.13 6.11570422199
0.14 6.1248391101
0.15 6.14150457171
0.16 6.15710459509
0.17 6.16915137273
0.18 6.17744780126
0.19 6.18255366065
0.2 6.18517970243
0.21 6.18596786983
0.22 6.18543082685
0.23 6.18395344201
0.24 6.18181455934
0.25 6.17921195447
0.26 6.17628422119
0.27 6.17312797954
0.28 6.16981063147
0.29 6.16637947758
0.3 6.162868076
0.31 6.15930060291
0.32 6.15569480679
0.33 6.15206399376
0.34 6.14841835548
0.35 6.14476585633
0.36 6.14111282797
0.37 6.137464371
0.38 6.13382463034
0.39 6.13019698801
0.4 6.12658420199
0.41 6.12298850983
0.42 6.11941170869
0.43 6.11585521961
0.44 6.1123201407
0.45 6.1088072923
0.46 6.10531725604
0.47 6.10185040902
0.48 6.09840695389
0.49 6.09498694545
0.5 6.09159031412
0.51 6.08821688657
0.52 6.08486640392
0.53 6.08153853756
0.54 6.078232903
0.55 6.07494907178
0.56 6.07168658179
0.57 6.0684449461
0.58 6.06522366045
0.59 6.06202220961
0.6 6.05884007273
0.61 6.05567672778
0.62 6.05253165528
0.63 6.04940434131
0.64 6.04629427996
0.65 6.04320097531
0.66 6.04012394299
0.67 6.03706271135
0.68 6.03401682237
0.69 6.0309858323
0.7 6.02796931207
0.71 6.02496684757
0.72 6.02197803969
0.73 6.01900250438
0.74 6.01603987244
0.75 6.01308978939
0.76 6.01015191513
0.77 6.00722592371
0.78 6.00431150286
0.79 6.00140835371
0.8 5.9985161903
0.81 5.99563473917
0.82 5.99276373894
0.83 5.98990293986
0.84 5.98705210338
0.85 5.98421100165
0.86 5.98137941718
0.87 5.97855714232
0.88 5.97574397891
0.89 5.97293973781
0.9 5.97014423857
0.91 5.96735730895
0.92 5.96457878465
0.93 5.96180850886
0.94 5.95904633196
0.95 5.95629211117
0.96 5.95354571022
0.97 5.95080699905
0.98 5.94807585349
0.99 5.94535215502
