# Compound UDP-glucose

0.0 9.25903757138
0.01 0.0
0.02 0.0
0.03 0.0
0.04 0.0
0.05 0.0
0.06 0.0
0.07 0.0
0.08 0.0
0.09 0.0
0.1 2.04880630481
0.11 40.2972293738
0.12 42.1061762719
0.13 43.25050648
0.14 44.1616591441
0.15 44.9272487134
0.16 45.5606089314
0.17 46.0665441402
0.18 46.4539806478
0.19 46.7358162339
0.2 46.9267113035
0.21 47.0413149314
0.22 47.093223858
0.23 47.0944943425
0.24 47.0554965507
0.25 46.9849595724
0.26 46.8901117654
0.27 46.7768604571
0.28 46.6499796242
0.29 46.5132888587
0.3 46.3698155319
0.31 46.2219370079
0.32 46.0715025449
0.33 45.9199360151
0.34 45.7683213046
0.35 45.6174725354
0.36 45.4679912701
0.37 45.3203127342
0.38 45.1747428946
0.39 45.0314880076
0.4 44.8906780205
0.41 44.752384999
0.42 44.6166375559
0.43 44.4834320857
0.44 44.3527414645
0.45 44.2245217468
0.46 44.0987172895
0.47 43.9752646465
0.48 43.8540955061
0.49 43.7351388871
0.5 43.6183227646
0.51 43.5035752565
0.52 43.3908254766
0.53 43.2800041334
0.54 43.1710439375
0.55 43.0638798651
0.56 42.9584493156
0.57 42.8546921896
0.58 42.7525509103
0.59 42.6519704036
0.6 42.552898049
0.61 42.4552836115
0.62 42.3590791599
0.63 42.2642389774
0.64 42.1707194678
0.65 42.0784790602
0.66 41.9874781142
0.67 41.8976788263
0.68 41.8090451392
0.69 41.7215426541
0.7 41.6351385462
0.71 41.5498014847
0.72 41.4655015556
0.73 41.3822101891
0.74 41.2999000899
0.75 41.218545172
0.76 41.1381204958
0.77 41.0586022099
0.78 40.979967495
0.79 40.9021945109
0.8 40.8252623471
0.81 40.7491509753
0.82 40.6738412044
0.83 40.5993146389
0.84 40.5255536384
0.85 40.4525412797
0.86 40.3802613213
0.87 40.308698169
0.88 40.237836844
0.89 40.1676629523
0.9 40.0981626559
0.91 40.0293226454
0.92 39.9611301139
0.93 39.8935727328
0.94 39.8266386281
0.95 39.7603163582
0.96 39.6945948934
0.97 39.6294635955
0.98 39.5649121993
0.99 39.5009307944
