# Compound aflavonol

0.0 7.80282623823
0.01 6.93723134431
0.02 6.68135388695
0.03 6.38409034846
0.04 6.041104425
0.05 5.64048557454
0.06 5.16134718497
0.07 4.66860818018
0.08 4.01665893088
0.09 3.29867504557
0.1 2.27872617943
0.11 4.12187984382
0.12 4.69004821186
0.13 4.95078258364
0.14 5.07018790365
0.15 5.12290443075
0.16 5.1443848547
0.17 5.15198888728
0.18 5.15426606272
0.19 5.15533498618
0.2 5.15705810487
0.21 5.16015763549
0.22 5.16479707639
0.23 5.1708841367
0.24 5.17822598952
0.25 5.18660597148
0.26 5.19581886039
0.27 5.20568478823
0.28 5.21605257749
0.29 5.2267982215
0.3 5.23782146471
0.31 5.24904194308
0.32 5.26039555063
0.33 5.27183128798
0.34 5.28330864703
0.35 5.29479549509
0.36 5.30626638762
0.37 5.31770123282
0.38 5.32908423716
0.39 5.34040307215
0.4 5.3516482135
0.41 5.36281241441
0.42 5.37389028309
0.43 5.38487794167
0.44 5.39577274898
0.45 5.40657307387
0.46 5.41727810869
0.47 5.4278877153
0.48 5.43840229722
0.49 5.44882269338
0.5 5.45915008943
0.51 5.46938594395
0.52 5.47953192669
0.53 5.48958986719
0.54 5.49956171204
0.55 5.50944948928
0.56 5.51925527904
0.57 5.52898118931
0.58 5.53862933603
0.59 5.54820182696
0.6 5.55770074854
0.61 5.56712815551
0.62 5.5764860626
0.63 5.58577643814
0.64 5.59500119919
0.65 5.604162208
0.66 5.61326126951
0.67 5.62230012972
0.68 5.63128047486
0.69 5.64020393111
0.7 5.64907206483
0.71 5.65788638318
0.72 5.66664833508
0.73 5.67535931237
0.74 5.68402065123
0.75 5.69263363371
0.76 5.70119948933
0.77 5.70971939688
0.78 5.71819448609
0.79 5.72662583953
0.8 5.73501449431
0.81 5.74336144396
0.82 5.75166764015
0.83 5.75993399446
0.84 5.7681613801
0.85 5.77635063358
0.86 5.7845025563
0.87 5.79261791616
0.88 5.80069744906
0.89 5.80874186039
0.9 5.81675182641
0.91 5.82472799562
0.92 5.83267099007
0.93 5.84058140661
0.94 5.84845981805
0.95 5.85630677433
0.96 5.86412280362
0.97 5.87190841333
0.98 5.87966409112
0.99 5.88739030584
