# Compound cyanidin-3-O-[D-rhamnosyl-(1,6)-D-glucoside]-5-O-D-glucoside

0.0 2.45332626016
0.01 2.62012149611
0.02 2.6866196703
0.03 2.76275827151
0.04 2.84938346822
0.05 2.94811544707
0.06 3.06145347171
0.07 3.18060042746
0.08 3.32141704216
0.09 3.4719029645
0.1 3.65136693493
0.11 4.19900019033
0.12 4.16827309415
0.13 4.15267410883
0.14 4.14461598132
0.15 4.14057766859
0.16 4.13875300498
0.17 4.13814006687
0.18 4.13815325382
0.19 4.13844093319
0.2 4.13879107545
0.21 4.13907821609
0.22 4.13923171198
0.23 4.13921589697
0.24 4.13901732086
0.25 4.13863640191
0.26 4.13808191822
0.27 4.13736736609
0.28 4.13650856444
0.29 4.13552209929
0.3 4.13442433729
0.31 4.13323082523
0.32 4.1319559502
0.33 4.13061277427
0.34 4.12921298402
0.35 4.12776691371
0.36 4.12628361372
0.37 4.12477094464
0.38 4.12323568391
0.39 4.12168363624
0.4 4.12011974204
0.41 4.11854818049
0.42 4.11697246514
0.43 4.11539553109
0.44 4.11381981343
0.45 4.11224731711
0.46 4.11067967862
0.47 4.10911822014
0.48 4.10756399666
0.49 4.10601783698
0.5 4.10448037906
0.51 4.10295210048
0.52 4.10143334458
0.53 4.09992434279
0.54 4.09842523377
0.55 4.09693607959
0.56 4.09545687956
0.57 4.09398758188
0.58 4.09252809354
0.59 4.09107828861
0.6 4.08963801528
0.61 4.08820710172
0.62 4.08678536099
0.63 4.08537259514
0.64 4.08396859863
0.65 4.08257316113
0.66 4.08118606986
0.67 4.0798071115
0.68 4.07843607369
0.69 4.07707274636
0.7 4.07571692266
0.71 4.07436839978
0.72 4.07302697954
0.73 4.07169246889
0.74 4.07036468022
0.75 4.0690434316
0.76 4.06772854694
0.77 4.06641985607
0.78 4.06511719475
0.79 4.06382040468
0.8 4.0625293334
0.81 4.06124383425
0.82 4.05996376619
0.83 4.05868899373
0.84 4.05741938673
0.85 4.05615482029
0.86 4.05489517454
0.87 4.05364033449
0.88 4.05239018987
0.89 4.05114463493
0.9 4.04990356828
0.91 4.04866689272
0.92 4.04743451506
0.93 4.04620634595
0.94 4.04498229975
0.95 4.04376229432
0.96 4.04254625092
0.97 4.04133409403
0.98 4.04012575119
0.99 4.03892115291
