# Compound CTP

0.0 3.0547110242
0.01 3.01654521407
0.02 2.96689747261
0.03 2.90355757645
0.04 2.83290679622
0.05 2.75742074868
0.06 2.67860018173
0.07 2.59751441284
0.08 2.5149175938
0.09 2.43141135483
0.1 2.3474198947
0.11 2.26396141747
0.12 2.18244305569
0.13 2.10020061434
0.14 2.01873205245
0.15 1.93887870479
0.16 1.86110014947
0.17 1.78563655707
0.18 1.71260126736
0.19 1.64203332211
0.2 1.57392758573
0.21 1.50825235304
0.22 1.44495989757
0.23 1.38399295907
0.24 1.32528883392
0.25 1.26878200775
0.26 1.21440587308
0.27 1.16209385584
0.28 1.11178014974
0.29 1.06340018574
0.3 1.01689092012
0.31 0.972190997676
0.32 0.929240829215
0.33 0.887982610898
0.34 0.848360304806
0.35 0.810319594713
0.36 0.773807826897
0.37 0.738773942988
0.38 0.705168409694
0.39 0.672943148766
0.4 0.642051469374
0.41 0.612448004306
0.42 0.584088650788
0.43 0.556930516301
0.44 0.530931869494
0.45 0.506052096069
0.46 0.482251659394
0.47 0.459492065509
0.48 0.437735832144
0.49 0.416946461338
0.5 0.397088415254
0.51 0.378127094792
0.52 0.360028820606
0.53 0.342760816178
0.54 0.326291192599
0.55 0.310588934767
0.56 0.295623888712
0.57 0.281366749804
0.58 0.267789051624
0.59 0.254863155302
0.6 0.242562239146
0.61 0.230860288427
0.62 0.219732085184
0.63 0.209153197956
0.64 0.199099971336
0.65 0.189549515299
0.66 0.180479694237
0.67 0.171869115659
0.68 0.163697118534
0.69 0.15594376125
0.7 0.148589809193
0.71 0.141616721935
0.72 0.135006640042
0.73 0.128742371517
0.74 0.122807377895
0.75 0.117185760013
0.76 0.111862243486
0.77 0.106822163914
0.78 0.102051451852
0.79 0.0975366175863
0.8 0.0932647357323
0.81 0.0892234297154
0.82 0.0854008561497
0.83 0.0817856891592
0.84 0.0783671046773
0.85 0.0751347647555
0.86 0.0720788019173
0.87 0.0691898035887
0.88 0.0664587966358
0.89 0.0638772320387
0.9 0.0614369697294
0.91 0.0591302636196
0.92 0.0569497468417
0.93 0.0548884172249
0.94 0.0529396230275
0.95 0.0510970489429
0.96 0.0493547023946
0.97 0.0477069001371
0.98 0.0461482551727
0.99 0.0446736639968
