# Compound L-glutamate

0.0 5.75090191586
0.01 5.78079304772
0.02 5.803932091
0.03 5.82277343616
0.04 5.83831555505
0.05 5.85121781935
0.06 5.86198493376
0.07 5.87101835049
0.08 5.87864337332
0.09 5.88512727982
0.1 5.89068947277
0.11 5.89551865143
0.12 5.8997621605
0.13 5.90353792063
0.14 5.90691802623
0.15 5.9099612131
0.16 5.9127191798
0.17 5.91523813218
0.18 5.91755896481
0.19 5.91971728776
0.2 5.9217436188
0.21 5.92366375157
0.22 5.92549923111
0.23 5.92726786855
0.24 5.92898424704
0.25 5.93066019184
0.26 5.93230519178
0.27 5.93392676882
0.28 5.93553079752
0.29 5.93712177865
0.3 5.93870307228
0.31 5.9402770955
0.32 5.94184548982
0.33 5.94340926255
0.34 5.94496890614
0.35 5.94652449864
0.36 5.94807578823
0.37 5.9496222641
0.38 5.9511632159
0.39 5.95269778326
0.4 5.95422499712
0.41 5.9557438139
0.42 5.95725314373
0.43 5.9587518736
0.44 5.96023888621
0.45 5.9617130752
0.46 5.96317335729
0.47 5.96461868189
0.48 5.96604803853
0.49 5.96746046246
0.5 5.96885503876
0.51 5.97023090517
0.52 5.97158725396
0.53 5.9729233328
0.54 5.97423844509
0.55 5.97553194961
0.56 5.97680325973
0.57 5.97805184236
0.58 5.97927721645
0.59 5.98047895139
0.6 5.98165666523
0.61 5.98281002276
0.62 5.98393873351
0.63 5.98504254972
0.64 5.98612126431
0.65 5.98717470878
0.66 5.98820275121
0.67 5.98920529423
0.68 5.99018227308
0.69 5.99113365367
0.7 5.99205943073
0.71 5.99295962602
0.72 5.99383428662
0.73 5.99468348321
0.74 5.99550730854
0.75 5.99630587584
0.76 5.99707931742
0.77 5.99782778325
0.78 5.99855143964
0.79 5.99925046796
0.8 5.9999250635
0.81 6.0005754343
0.82 6.00120180006
0.83 6.00180439116
0.84 6.0023834477
0.85 6.00293921855
0.86 6.00347196056
0.87 6.00398193769
0.88 6.0044694203
0.89 6.0049346844
0.9 6.00537801098
0.91 6.00579968542
0.92 6.00619999684
0.93 6.00657923758
0.94 6.00693770266
0.95 6.00727568931
0.96 6.00759349648
0.97 6.00789142445
0.98 6.00816977441
0.99 6.00842884809
