# Compound {(1,3)-beta-D-glucosyl}(N-1)

0.0 8.64455353554
0.01 8.43467992345
0.02 8.25560786161
0.03 8.08807468299
0.04 7.92787010529
0.05 7.77394784287
0.06 7.62462524225
0.07 7.47838725369
0.08 7.33265430689
0.09 7.18381344047
0.1 7.0279653484
0.11 6.93474253813
0.12 6.82357806719
0.13 6.70246324314
0.14 6.58329481793
0.15 6.47071030223
0.16 6.36597045366
0.17 6.26895547598
0.18 6.17907391434
0.19 6.09563931886
0.2 6.01800784714
0.21 5.94561612809
0.22 5.87798145557
0.23 5.81469034819
0.24 5.75538553298
0.25 5.69975467105
0.26 5.64752149359
0.27 5.59843910029
0.28 5.55228494867
0.29 5.50885708761
0.3 5.46797128134
0.31 5.42945876481
0.32 5.39316444881
0.33 5.35894544934
0.34 5.32666985581
0.35 5.29621567955
0.36 5.26746994221
0.37 5.24032787562
0.38 5.21469221295
0.39 5.19047255604
0.4 5.16758480767
0.41 5.14595065997
0.42 5.12549713174
0.43 5.10615614902
0.44 5.08786416402
0.45 5.07056180819
0.46 5.0541935759
0.47 5.03870753565
0.48 5.02405506595
0.49 5.01019061363
0.5 4.99707147222
0.51 4.98465757865
0.52 4.97291132654
0.53 4.96179739445
0.54 4.95128258784
0.55 4.94133569346
0.56 4.93192734506
0.57 4.92302989943
0.58 4.91461732187
0.59 4.90666508036
0.6 4.89915004746
0.61 4.89205040966
0.62 4.88534558313
0.63 4.87901613575
0.64 4.87304371463
0.65 4.86741097875
0.66 4.8621015364
0.67 4.85709988696
0.68 4.85239136661
0.69 4.84796209791
0.7 4.84379894262
0.71 4.8398894578
0.72 4.83622185482
0.73 4.83278496101
0.74 4.82956818388
0.75 4.82656147766
0.76 4.82375531192
0.77 4.82114064229
0.78 4.81870888294
0.79 4.81645188088
0.8 4.81436189175
0.81 4.81243155721
0.82 4.81065388365
0.83 4.80902222221
0.84 4.80753025002
0.85 4.80617195254
0.86 4.80494160698
0.87 4.80383376668
0.88 4.80284324638
0.89 4.80196510842
0.9 4.80119464966
0.91 4.80052738921
0.92 4.79995905682
0.93 4.79948558194
0.94 4.79910308344
0.95 4.79880785983
0.96 4.79859638006
0.97 4.79846527489
0.98 4.79841132861
0.99 4.79843147131
