# Compound 1-O-sinapoyl-beta-D-glucose

0.0 1.2895043521
0.01 1.32773358987
0.02 1.37560868465
0.03 1.38661546781
0.04 1.38937818639
0.05 1.38950730752
0.06 1.38873005805
0.07 1.38753615472
0.08 1.38595354468
0.09 1.38414344532
0.1 1.38183553666
0.11 1.38065817078
0.12 1.37847347736
0.13 1.37053221888
0.14 1.35940810716
0.15 1.34665055654
0.16 1.33316587287
0.17 1.31947853142
0.18 1.30589109761
0.19 1.29257790071
0.2 1.27963887796
0.21 1.26713028882
0.22 1.25508222426
0.23 1.24350865069
0.24 1.23241325651
0.25 1.22179294237
0.26 1.21163998316
0.27 1.20194343138
0.28 1.19269007657
0.29 1.18386513457
0.3 1.17545276315
0.31 1.16743645927
0.32 1.15979937028
0.33 1.15252453956
0.34 1.14559510013
0.35 1.13899442617
0.36 1.13270625002
0.37 1.12671475079
0.38 1.12100461954
0.39 1.11556110532
0.4 1.11037004562
0.41 1.10541788416
0.42 1.10069167858
0.43 1.09617910012
0.44 1.09186842691
0.45 1.08774853252
0.46 1.08380887071
0.47 1.08003945754
0.48 1.07643085147
0.49 1.07297413223
0.5 1.06966087881
0.51 1.06648314711
0.52 1.0634334475
0.53 1.06050472253
0.54 1.05769032509
0.55 1.05498399697
0.56 1.05237984818
0.57 1.04987233686
0.58 1.04745624999
0.59 1.04512668497
0.6 1.04287903188
0.61 1.04070895668
0.62 1.03861238512
0.63 1.03658548755
0.64 1.03462466448
0.65 1.03272653284
0.66 1.03088791313
0.67 1.0291058171
0.68 1.02737743628
0.69 1.02570013105
0.7 1.02407142041
0.71 1.02248897228
0.72 1.0209505944
0.73 1.01945422582
0.74 1.01799792877
0.75 1.01657988111
0.76 1.01519836925
0.77 1.01385178139
0.78 1.0125386013
0.79 1.01125740236
0.8 1.01000684205
0.81 1.00878565674
0.82 1.00759265678
0.83 1.00642672194
0.84 1.00528679709
0.85 1.00417188816
0.86 1.00308105836
0.87 1.00201342461
0.88 1.00096815419
0.89 0.999944461644
0.9 0.998941605815
0.91 0.997958887095
0.92 0.996995644841
0.93 0.996051254954
0.94 0.995125127598
0.95 0.994216705074
0.96 0.993325459816
0.97 0.992450892516
0.98 0.991592530367
0.99 0.990749925409
