# Compound oligosaccharidecontaining6-methyl-D-glucoseunits

0.0 9.57115052981
0.01 9.59494277608
0.02 9.61765433026
0.03 9.63933198092
0.04 9.6600207008
0.05 9.6797636977
0.06 9.698602466
0.07 9.71657683838
0.08 9.73372503762
0.09 9.75008372815
0.1 9.76568806742
0.11 9.7805717566
0.12 9.79476709081
0.13 9.80830500849
0.14 9.82121514001
0.15 9.83352585529
0.16 9.84526431049
0.17 9.85645649356
0.18 9.86712726874
0.19 9.87730041993
0.2 9.88699869281
0.21 9.89624383589
0.22 9.90505664022
0.23 9.913456978
0.24 9.92146383991
0.25 9.92909537126
0.26 9.93636890692
0.27 9.9433010051
0.28 9.94990747988
0.29 9.95620343265
0.3 9.96220328242
0.31 9.96792079496
0.32 9.97336911087
0.33 9.97856077263
0.34 9.98350775056
0.35 9.98822146776
0.36 9.99271282414
0.37 9.99699221942
0.38 10.0010695752
0.39 10.0049543564
0.4 10.008655591
0.41 10.0121818904
0.42 10.0155414673
0.43 10.0187421542
0.44 10.0217914201
0.45 10.0246963872
0.46 10.0274638466
0.47 10.0301002731
0.48 10.0326118401
0.49 10.0350044326
0.5 10.0372836611
0.51 10.0394548739
0.52 10.041523169
0.53 10.0434934057
0.54 10.0453702158
0.55 10.0471580138
0.56 10.0488610071
0.57 10.0504832056
0.58 10.0520284306
0.59 10.0535003239
0.6 10.054902356
0.61 10.0562378341
0.62 10.0575099094
0.63 10.0587215849
0.64 10.059875722
0.65 10.0609750469
0.66 10.0620221575
0.67 10.0630195289
0.68 10.0639695194
0.69 10.0648743757
0.7 10.0657362386
0.71 10.0665571477
0.72 10.0673390458
0.73 10.0680837842
0.74 10.0687931264
0.75 10.0694687525
0.76 10.0701122631
0.77 10.0707251829
0.78 10.0713089644
0.79 10.0718649913
0.8 10.0723945819
0.81 10.0728989918
0.82 10.0733794171
0.83 10.0738369972
0.84 10.0742728176
0.85 10.0746879122
0.86 10.0750832659
0.87 10.0754598167
0.88 10.0758184584
0.89 10.0761600421
0.9 10.0764853785
0.91 10.0767952402
0.92 10.0770903626
0.93 10.0773714465
0.94 10.0776391594
0.95 10.0778941369
0.96 10.0781369847
0.97 10.0783682794
0.98 10.0785885705
0.99 10.0787983813
