# Compound D-glucono-1,4-lactone

0.0 4.13913190462
0.01 4.42637473957
0.02 4.74250171837
0.03 4.92899496784
0.04 5.08489800519
0.05 5.22917283515
0.06 5.36745008666
0.07 5.50114734369
0.08 5.6301568755
0.09 5.75487677376
0.1 5.87422165361
0.11 5.99386534001
0.12 6.10222736684
0.13 6.1879091641
0.14 6.26000726195
0.15 6.32387434962
0.16 6.38256470615
0.17 6.43779538956
0.18 6.49052575161
0.19 6.54129269865
0.2 6.59040044998
0.21 6.63802633805
0.22 6.68427904614
0.23 6.72923028055
0.24 6.77293180069
0.25 6.81542448778
0.26 6.85674314425
0.27 6.89691903502
0.28 6.93598124857
0.29 6.97395744594
0.3 7.01087429159
0.31 7.0467577153
0.32 7.08163308036
0.33 7.11552529531
0.34 7.14845888858
0.35 7.18045805656
0.36 7.2115466916
0.37 7.24174839468
0.38 7.27108647642
0.39 7.29958394948
0.4 7.32726351511
0.41 7.35414754594
0.42 7.38025806678
0.43 7.40561673503
0.44 7.43024482158
0.45 7.45416319309
0.46 7.47739229617
0.47 7.49995214382
0.48 7.52186230422
0.49 7.54314189204
0.5 7.56380956205
0.51 7.58388350518
0.52 7.60338144655
0.53 7.6223206456
0.54 7.64071789788
0.55 7.65858953847
0.56 7.67595144675
0.57 7.69281905228
0.58 7.70920734181
0.59 7.72513086697
0.6 7.74060375277
0.61 7.75563970654
0.62 7.7702520274
0.63 7.78445361596
0.64 7.79825698427
0.65 7.81167426595
0.66 7.82471722632
0.67 7.83739727262
0.68 7.84972546411
0.69 7.86171252212
0.7 7.87336884001
0.71 7.88470449292
0.72 7.89572924738
0.73 7.90645257073
0.74 7.91688364029
0.75 7.92703135237
0.76 7.93690433096
0.77 7.94651093633
0.78 7.95585927321
0.79 7.96495719887
0.8 7.97381233091
0.81 7.9824320548
0.82 7.99082353122
0.83 7.99899370311
0.84 8.00694930256
0.85 8.01469685741
0.86 8.02224269773
0.87 8.02959296192
0.88 8.03675360283
0.89 8.04373039346
0.9 8.0505289326
0.91 8.05715465026
0.92 8.06361281288
0.93 8.06990852838
0.94 8.0760467511
0.95 8.08203228646
0.96 8.08786979557
0.97 8.09356379961
0.98 8.09911868414
0.99 8.10453870321
