# Compound FMN

0.0 6.82702034558
0.01 6.57129146213
0.02 6.31541101927
0.03 6.18770018654
0.04 6.1015076732
0.05 6.03793748408
0.06 5.98982563423
0.07 5.953928952
0.08 5.92861152988
0.09 5.91218554987
0.1 5.90430267918
0.11 5.89950745761
0.12 5.90365524948
0.13 5.92723214552
0.14 5.96225958569
0.15 6.00397155909
0.16 6.04955024013
0.17 6.09731943743
0.18 6.14626619255
0.19 6.19576459292
0.2 6.24541773121
0.21 6.29496723814
0.22 6.34424111643
0.23 6.39312321081
0.24 6.44153490912
0.25 6.48942379733
0.26 6.53675631981
0.27 6.58351279985
0.28 6.62968390037
0.29 6.67526800557
0.3 6.72026922448
0.31 6.76469583807
0.32 6.80855907847
0.33 6.85187216602
0.34 6.89464955146
0.35 6.93690632371
0.36 6.97865775206
0.37 7.01991893781
0.38 7.06070455467
0.39 7.10102866079
0.4 7.14090456851
0.41 7.18034475991
0.42 7.21936083869
0.43 7.25796351035
0.44 7.29616258428
0.45 7.3339669925
0.46 7.3713848207
0.47 7.40842334829
0.48 7.44508909454
0.49 7.4813878689
0.5 7.51732482348
0.51 7.55290450652
0.52 7.58813091582
0.53 7.62300755116
0.54 7.65753746538
0.55 7.69172331336
0.56 7.72556739888
0.57 7.75907171887
0.58 7.79223800521
0.59 7.82506776369
0.6 7.85756231041
0.61 7.88972280538
0.62 7.92155028355
0.63 7.95304568322
0.64 7.98420987204
0.65 8.01504367052
0.66 8.04554787334
0.67 8.07572326844
0.68 8.10557065408
0.69 8.13509085395
0.7 8.16428473049
0.71 8.19315319643
0.72 8.2216972248
0.73 8.24991785743
0.74 8.27781621211
0.75 8.3053934884
0.76 8.33265097234
0.77 8.35959004006
0.78 8.38621216038
0.79 8.41251889653
0.8 8.43851190706
0.81 8.464192946
0.82 8.48956386234
0.83 8.51462659896
0.84 8.53938319095
0.85 8.56383576358
0.86 8.5879865297
0.87 8.61183778696
0.88 8.63539191457
0.89 8.65865136991
0.9 8.68161868485
0.91 8.70429646191
0.92 8.72668737032
0.93 8.74879414191
0.94 8.770619567
0.95 8.79216649012
0.96 8.81343780587
0.97 8.83443645463
0.98 8.85516541841
0.99 8.87562771664
