# Compound beta-D-glucosyl-1,4-N-acetyl-D-glucosaminyldiphosphoundecaprenol

0.0 8.55192177075
0.01 8.61170187224
0.02 8.39796661368
0.03 8.17391836743
0.04 7.94272547723
0.05 7.71511536174
0.06 7.50948729031
0.07 7.30393154654
0.08 7.19835441086
0.09 7.15968722685
0.1 7.39471129134
0.11 2.57935538027
0.12 2.58765688205
0.13 2.64216999901
0.14 2.70421200061
0.15 2.76094952821
0.16 2.80859764211
0.17 2.84673795214
0.18 2.87620243568
0.19 2.8982241124
0.2 2.9140797446
0.21 2.92494098308
0.22 2.93182043825
0.23 2.93556257019
0.24 2.93685526545
0.25 2.93624981339
0.26 2.93418294714
0.27 2.93099780745
0.28 2.92696244483
0.29 2.92228543215
0.3 2.91712865547
0.31 2.91161758105
0.32 2.90584937827
0.33 2.89989928058
0.34 2.89382553139
0.35 2.88767321176
0.36 2.88147719446
0.37 2.87526442125
0.38 2.86905565856
0.39 2.86286685272
0.4 2.85671017818
0.41 2.85059485042
0.42 2.84452775858
0.43 2.83851395935
0.44 2.83255706416
0.45 2.82665954382
0.46 2.82082296917
0.47 2.81504820185
0.48 2.80933554603
0.49 2.8036848695
0.5 2.79809570055
0.51 2.79256730557
0.52 2.78709875147
0.53 2.78168895576
0.54 2.77633672684
0.55 2.77104079646
0.56 2.76579984562
0.57 2.76061252545
0.58 2.75547747382
0.59 2.75039332848
0.6 2.74535873756
0.61 2.74037236763
0.62 2.73543291
0.63 2.73053908555
0.64 2.72568964821
0.65 2.72088338755
0.66 2.7161191305
0.67 2.71139574242
0.68 2.70671212766
0.69 2.70206722967
0.7 2.69746003078
0.71 2.69288955171
0.72 2.68835485087
0.73 2.6838550235
0.74 2.6793892007
0.75 2.67495654834
0.76 2.67055626591
0.77 2.66618758541
0.78 2.66184977005
0.79 2.65754211315
0.8 2.65326393685
0.81 2.64901459095
0.82 2.64479345176
0.83 2.64059992088
0.84 2.63643342418
0.85 2.63229341061
0.86 2.62817935123
0.87 2.62409073815
0.88 2.62002708356
0.89 2.6159879188
0.9 2.61197279344
0.91 2.60798127444
0.92 2.60401294531
0.93 2.60006740532
0.94 2.59614426876
0.95 2.59224316421
0.96 2.58836373384
0.97 2.58450563279
0.98 2.58066852855
0.99 2.57685210033
