# Compound Alpha,alpha-trehalose

0.0 1.76266648631
0.01 1.8190837645
0.02 2.00049632554
0.03 2.11160373987
0.04 2.20469163846
0.05 2.2908181168
0.06 2.37320796084
0.07 2.4526537373
0.08 2.52911488111
0.09 2.60272417167
0.1 2.67306726323
0.11 2.74253251364
0.12 2.80765950106
0.13 2.86398020065
0.14 2.91514610654
0.15 2.96316578833
0.16 3.00911765794
0.17 3.05357197982
0.18 3.09682459881
0.19 3.13902403734
0.2 3.18024043939
0.21 3.22050301227
0.22 3.25982035604
0.23 3.29819146004
0.24 3.33561159763
0.25 3.37207543194
0.26 3.40757859988
0.27 3.44211846914
0.28 3.47569444834
0.29 3.50830805784
0.3 3.53996287452
0.31 3.570664412
0.32 3.60041997005
0.33 3.62923847161
0.34 3.65713029746
0.35 3.68410712434
0.36 3.71018176961
0.37 3.73536804421
0.38 3.75968061483
0.39 3.78313487583
0.4 3.80574683077
0.41 3.82753298368
0.42 3.8485102397
0.43 3.86869581465
0.44 3.88810715328
0.45 3.90676185547
0.46 3.92467761018
0.47 3.94187213629
0.48 3.95836313009
0.49 3.97416821879
0.5 3.98930491954
0.51 4.00379060358
0.52 4.01764246494
0.53 4.0308774934
0.54 4.04351245123
0.55 4.05556385342
0.56 4.06704795092
0.57 4.07798071676
0.58 4.08837783459
0.59 4.09825468955
0.6 4.107626361
0.61 4.11650761717
0.62 4.12491291127
0.63 4.13285637906
0.64 4.14035183759
0.65 4.14741278508
0.66 4.15405240171
0.67 4.16028355125
0.68 4.16611878339
0.69 4.1715703367
0.7 4.17665014216
0.71 4.18136982707
0.72 4.18574071941
0.73 4.1897738525
0.74 4.19347996994
0.75 4.19686953073
0.76 4.19995271466
0.77 4.2027394277
0.78 4.20523930761
0.79 4.2074617296
0.8 4.20941581199
0.81 4.21111042191
0.82 4.21255418107
0.83 4.21375547142
0.84 4.21472244083
0.85 4.21546300875
0.86 4.21598487176
0.87 4.21629550906
0.88 4.21640218799
0.89 4.21631196932
0.9 4.21603171254
0.91 4.21556808109
0.92 4.2149275474
0.93 4.21411639793
0.94 4.21314073803
0.95 4.21200649679
0.96 4.21071943169
0.97 4.2092851332
0.98 4.2077090293
0.99 4.20599638986
