# Compound 1-alpha-D-{(1,4)-alpha-D-glucosyl}(N-1)-alpha-D-glucopyranoside

0.0 1.96877218587
0.01 1.96877218587
0.02 1.96877218587
0.03 1.96877218587
0.04 1.96877218587
0.05 1.96877218587
0.06 1.96877218587
0.07 1.96877218587
0.08 1.96877218587
0.09 1.96877218587
0.1 1.96877218587
0.11 1.96877218587
0.12 1.96877218587
0.13 1.96877218587
0.14 1.96877218587
0.15 1.96877218587
0.16 1.96877218587
0.17 1.96877218587
0.18 1.96877218587
0.19 1.96877218587
0.2 1.96877218587
0.21 1.96877218587
0.22 1.96877218587
0.23 1.96877218587
0.24 1.96877218587
0.25 1.96877218587
0.26 1.96877218587
0.27 1.96877218587
0.28 1.96877218587
0.29 1.96877218587
0.3 1.96877218587
0.31 1.96877218587
0.32 1.96877218587
0.33 1.96877218587
0.34 1.96877218587
0.35 1.96877218587
0.36 1.96877218587
0.37 1.96877218587
0.38 1.96877218587
0.39 1.96877218587
0.4 1.96877218587
0.41 1.96877218587
0.42 1.96877218587
0.43 1.96877218587
0.44 1.96877218587
0.45 1.96877218587
0.46 1.96877218587
0.47 1.96877218587
0.48 1.96877218587
0.49 1.96877218587
0.5 1.96877218587
0.51 1.96877218587
0.52 1.96877218587
0.53 1.96877218587
0.54 1.96877218587
0.55 1.96877218587
0.56 1.96877218587
0.57 1.96877218587
0.58 1.96877218587
0.59 1.96877218587
0.6 1.96877218587
0.61 1.96877218587
0.62 1.96877218587
0.63 1.96877218587
0.64 1.96877218587
0.65 1.96877218587
0.66 1.96877218587
0.67 1.96877218587
0.68 1.96877218587
0.69 1.96877218587
0.7 1.96877218587
0.71 1.96877218587
0.72 1.96877218587
0.73 1.96877218587
0.74 1.96877218587
0.75 1.96877218587
0.76 1.96877218587
0.77 1.96877218587
0.78 1.96877218587
0.79 1.96877218587
0.8 1.96877218587
0.81 1.96877218587
0.82 1.96877218587
0.83 1.96877218587
0.84 1.96877218587
0.85 1.96877218587
0.86 1.96877218587
0.87 1.96877218587
0.88 1.96877218587
0.89 1.96877218587
0.9 1.96877218587
0.91 1.96877218587
0.92 1.96877218587
0.93 1.96877218587
0.94 1.96877218587
0.95 1.96877218587
0.96 1.96877218587
0.97 1.96877218587
0.98 1.96877218587
0.99 1.96877218587
