# Compound glycerol

0.0 7.43201561118
0.01 7.68501017553
0.02 7.97295566154
0.03 8.13913448467
0.04 8.28134092365
0.05 8.41699165894
0.06 8.55082732842
0.07 8.68387966541
0.08 8.81572890389
0.09 8.94806092513
0.1 9.08104225061
0.11 9.24407588478
0.12 9.33995959142
0.13 9.41592209452
0.14 9.48082724744
0.15 9.53895661522
0.16 9.59238195106
0.17 9.64212546324
0.18 9.68872050662
0.19 9.73247856689
0.2 9.77361356182
0.21 9.81229766207
0.22 9.84868491356
0.23 9.88292023558
0.24 9.91514215771
0.25 9.94548315443
0.26 9.97406926812
0.27 10.0010196946
0.28 10.0264465498
0.29 10.0504548461
0.3 10.0731426418
0.31 10.0946013106
0.32 10.1149158844
0.33 10.1341654332
0.34 10.1524234571
0.35 10.1697582733
0.36 10.1862333888
0.37 10.2019078522
0.38 10.2168365828
0.39 10.2310706761
0.4 10.2446576856
0.41 10.2576418827
0.42 10.2700644955
0.43 10.2819639289
0.44 10.2933759662
0.45 10.3043339556
0.46 10.3148689812
0.47 10.3250100213
0.48 10.3347840938
0.49 10.3442163911
0.5 10.353330405
0.51 10.3621480417
0.52 10.3706897293
0.53 10.3789745166
0.54 10.3870201659
0.55 10.3948432384
0.56 10.4024591742
0.57 10.4098823667
0.58 10.4171262315
0.59 10.4242032713
0.6 10.4311251357
0.61 10.437902678
0.62 10.4445460071
0.63 10.4510645366
0.64 10.4574670307
0.65 10.463761647
0.66 10.469955976
0.67 10.4760570792
0.68 10.4820715236
0.69 10.4880054143
0.7 10.4938644254
0.71 10.4996538283
0.72 10.5053785186
0.73 10.5110430411
0.74 10.5166516133
0.75 10.5222081472
0.76 10.5277162697
0.77 10.5331793421
0.78 10.5386004777
0.79 10.5439825589
0.8 10.5493282526
0.81 10.554640025
0.82 10.5599201555
0.83 10.5651707494
0.84 10.5703937499
0.85 10.5755909492
0.86 10.5807639994
0.87 10.5859144219
0.88 10.591043617
0.89 10.5961528718
0.9 10.601243369
0.91 10.6063161939
0.92 10.6113723414
0.93 10.6164127226
0.94 10.621438171
0.95 10.626449448
0.96 10.6314472485
0.97 10.6364322051
0.98 10.6414048939
0.99 10.6463658375
