# Compound D-glucose6-sulfate

0.0 7.92532034496
0.01 7.884524167
0.02 7.97945683015
0.03 8.04356978147
0.04 8.09420156863
0.05 8.14073171221
0.06 8.18611302968
0.07 8.23121329908
0.08 8.27611341229
0.09 8.32093252312
0.1 8.36532790566
0.11 8.41090995792
0.12 8.45499837211
0.13 8.4939887004
0.14 8.53013372967
0.15 8.56462047653
0.16 8.59806973894
0.17 8.63081174261
0.18 8.66302872237
0.19 8.69482693622
0.2 8.72627282861
0.21 8.75741125232
0.22 8.78827473989
0.23 8.81888830131
0.24 8.84927197668
0.25 8.87944225551
0.26 8.90941291793
0.27 8.93919557537
0.28 8.96880004953
0.29 8.99823465907
0.3 9.02750644906
0.31 9.05662138128
0.32 9.08558449532
0.33 9.11440004608
0.34 9.14307162167
0.35 9.17160224447
0.36 9.19999445771
0.37 9.22825039938
0.38 9.2563718655
0.39 9.28436036386
0.4 9.31221715985
0.41 9.3399433155
0.42 9.36753972252
0.43 9.39500713051
0.44 9.42234617078
0.45 9.44955737673
0.46 9.47664120101
0.47 9.50359803016
0.48 9.53042819703
0.49 9.5571319913
0.5 9.58370966839
0.51 9.61016145703
0.52 9.63648756568
0.53 9.66268818791
0.54 9.688763507
0.55 9.71471369981
0.56 9.74053893996
0.57 9.7662394006
0.58 9.79181525666
0.59 9.81726668672
0.6 9.84259387461
0.61 9.86779701065
0.62 9.8928762927
0.63 9.91783192699
0.64 9.94266412882
0.65 9.967373123
0.66 9.99195914429
0.67 10.0164224376
0.68 10.0407632584
0.69 10.0649818724
0.7 10.0890785559
0.71 10.1130535959
0.72 10.1369072895
0.73 10.1606399443
0.74 10.184251878
0.75 10.2077434184
0.76 10.2311149029
0.77 10.2543666787
0.78 10.277499102
0.79 10.3005125384
0.8 10.3234073622
0.81 10.3461839563
0.82 10.3688427118
0.83 10.3913840279
0.84 10.4138083114
0.85 10.4361159769
0.86 10.4583074457
0.87 10.4803831463
0.88 10.5023435137
0.89 10.5241889894
0.9 10.5459200208
0.91 10.5675370611
0.92 10.5890405691
0.93 10.6104310088
0.94 10.6317088493
0.95 10.6528745644
0.96 10.6739286324
0.97 10.6948715359
0.98 10.7157037614
0.99 10.7364257994
