# Compound vomilenine

0.0 9.82737550146
0.01 10.0186138554
0.02 9.41281721298
0.03 9.02387775826
0.04 8.74024041157
0.05 8.50039414244
0.06 8.28394118256
0.07 8.08383577387
0.08 7.89805190758
0.09 7.72463466447
0.1 7.56422208494
0.11 7.40659978289
0.12 7.26718802634
0.13 7.15841988457
0.14 7.06669745309
0.15 6.98525487064
0.16 6.91069990329
0.17 6.84125912627
0.18 6.77593340151
0.19 6.71410050398
0.2 6.65532947757
0.21 6.59929352726
0.22 6.54572839618
0.23 6.49441168514
0.24 6.4451518503
0.25 6.39778173956
0.26 6.35215433345
0.27 6.30813963197
0.28 6.26562220339
0.29 6.2244991671
0.3 6.18467849577
0.31 6.14607757142
0.32 6.10862195268
0.33 6.07224432079
0.34 6.03688357791
0.35 6.00248407546
0.36 5.96899495315
0.37 5.93636957198
0.38 5.90456502724
0.39 5.87354172914
0.4 5.84326304099
0.41 5.81369496616
0.42 5.78480587649
0.43 5.756566276
0.44 5.72894859472
0.45 5.70192700819
0.46 5.67547727901
0.47 5.64957661731
0.48 5.62420355747
0.49 5.5993378488
0.5 5.57496035849
0.51 5.55105298493
0.52 5.52759858023
0.53 5.50458088072
0.54 5.48198444431
0.55 5.45979459406
0.56 5.43799736699
0.57 5.4165794676
0.58 5.39552822562
0.59 5.37483155732
0.6 5.35447793016
0.61 5.33445633031
0.62 5.31475623272
0.63 5.29536757357
0.64 5.27628072471
0.65 5.25748647004
0.66 5.23897598351
0.67 5.2207408087
0.68 5.2027728397
0.69 5.18506430333
0.7 5.16760774241
0.71 5.15039600018
0.72 5.13342220557
0.73 5.1166797594
0.74 5.10016232143
0.75 5.08386379804
0.76 5.06777833075
0.77 5.05190028525
0.78 5.0362242411
0.79 5.02074498194
0.8 5.00545748629
0.81 4.99035691872
0.82 4.97543862159
0.83 4.96069810712
0.84 4.94613104989
0.85 4.93173327977
0.86 4.91750077512
0.87 4.90342965632
0.88 4.88951617972
0.89 4.87575673177
0.9 4.86214782345
0.91 4.84868608504
0.92 4.83536826105
0.93 4.82219120546
0.94 4.80915187708
0.95 4.79624733529
0.96 4.7834747358
0.97 4.77083132673
0.98 4.75831444484
0.99 4.74592151187
