# Compound {Phosphate}(N)

0.0 3.06381711222
0.01 3.00488960402
0.02 2.93133280073
0.03 2.89674939583
0.04 2.8679483213
0.05 2.83930134393
0.06 2.80943046498
0.07 2.77816978788
0.08 2.74584278433
0.09 2.71182928166
0.1 2.67607378115
0.11 2.62559320131
0.12 2.60446386541
0.13 2.58981231456
0.14 2.57833515664
0.15 2.56853515311
0.16 2.5597484985
0.17 2.55168793687
0.18 2.54423009519
0.19 2.53731834769
0.2 2.53092000096
0.21 2.52500863412
0.22 2.51955774236
0.23 2.51453918211
0.24 2.5099234407
0.25 2.50568042931
0.26 2.5017802776
0.27 2.49819395833
0.28 2.49489371625
0.29 2.49185332889
0.3 2.48904823941
0.31 2.4864555993
0.32 2.48405425065
0.33 2.48182467043
0.34 2.47974889218
0.35 2.47781041595
0.36 2.47599411322
0.37 2.47428613162
0.38 2.47267380195
0.39 2.47114554931
0.4 2.46969080912
0.41 2.46829994844
0.42 2.4669641927
0.43 2.46567555772
0.44 2.46442678675
0.45 2.46321129234
0.46 2.46202310263
0.47 2.46085681189
0.48 2.45970753479
0.49 2.45857086434
0.5 2.45744283306
0.51 2.45631987717
0.52 2.45519880358
0.53 2.4540767594
0.54 2.45295120389
0.55 2.45181988247
0.56 2.45068080283
0.57 2.44953221278
0.58 2.44837257994
0.59 2.44720057285
0.6 2.4460150436
0.61 2.44481501183
0.62 2.44359964988
0.63 2.44236826916
0.64 2.44112030753
0.65 2.43985531766
0.66 2.43857295634
0.67 2.43727297456
0.68 2.4359552084
0.69 2.43461957068
0.7 2.43326604314
0.71 2.43189466942
0.72 2.43050554846
0.73 2.42909882851
0.74 2.42767470156
0.75 2.42623339832
0.76 2.42477518354
0.77 2.42330035173
0.78 2.42180922327
0.79 2.42030214083
0.8 2.41877946611
0.81 2.41724157686
0.82 2.41568886413
0.83 2.41412172986
0.84 2.41254058457
0.85 2.41094584534
0.86 2.40933793398
0.87 2.40771727536
0.88 2.40608429584
0.89 2.40443942202
0.9 2.40278307942
0.91 2.40111569147
0.92 2.39943767849
0.93 2.39774945683
0.94 2.39605143816
0.95 2.39434402873
0.96 2.39262762881
0.97 2.3909026322
0.98 2.38916942575
0.99 2.38742838903
