# Compound CDP-3,6-dideoxy-D-mannose

0.0 1.96229938479
0.01 1.97919952125
0.02 1.99588710162
0.03 2.01236479924
0.04 2.02863525386
0.05 2.04470107201
0.06 2.06056482743
0.07 2.07622906151
0.08 2.09169628367
0.09 2.10696897175
0.1 2.12204957245
0.11 2.13694050168
0.12 2.15164414499
0.13 2.16616285789
0.14 2.18049896629
0.15 2.19465476685
0.16 2.20863252732
0.17 2.22243448695
0.18 2.23606285682
0.19 2.2495198202
0.2 2.26280753289
0.21 2.2759281236
0.22 2.28888369426
0.23 2.30167632033
0.24 2.31430805122
0.25 2.32678091053
0.26 2.33909689641
0.27 2.35125798189
0.28 2.36326611518
0.29 2.37512321999
0.3 2.38683119584
0.31 2.39839191833
0.32 2.40980723952
0.33 2.42107898812
0.34 2.4322089699
0.35 2.44319896786
0.36 2.45405074261
0.37 2.46476603262
0.38 2.47534655447
0.39 2.48579400317
0.4 2.4961100524
0.41 2.5062963548
0.42 2.51635454222
0.43 2.52628622598
0.44 2.53609299714
0.45 2.54577642676
0.46 2.55533806612
0.47 2.56477944699
0.48 2.5741020819
0.49 2.58330746433
0.5 2.59239706899
0.51 2.60137235203
0.52 2.6102347513
0.53 2.61898568657
0.54 2.62762655972
0.55 2.63615875504
0.56 2.64458363938
0.57 2.65290256241
0.58 2.66111685683
0.59 2.66922783858
0.6 2.67723680703
0.61 2.68514504522
0.62 2.69295382007
0.63 2.70066438252
0.64 2.70827796783
0.65 2.71579579569
0.66 2.72321907045
0.67 2.73054898134
0.68 2.7377867026
0.69 2.74493339372
0.7 2.7519901996
0.71 2.75895825075
0.72 2.76583866345
0.73 2.77263253995
0.74 2.77934096862
0.75 2.78596502417
0.76 2.79250576776
0.77 2.79896424722
0.78 2.80534149721
0.79 2.81163853937
0.8 2.81785638248
0.81 2.82399602264
0.82 2.83005844343
0.83 2.83604461605
0.84 2.84195549949
0.85 2.84779204066
0.86 2.8535551746
0.87 2.85924582454
0.88 2.86486490215
0.89 2.87041330759
0.9 2.87589192973
0.91 2.88130164624
0.92 2.88664332375
0.93 2.89191781802
0.94 2.89712597401
0.95 2.90226862607
0.96 2.90734659806
0.97 2.91236070347
0.98 2.91731174556
0.99 2.9222005175
