# Compound 21-O-sinapoylbeta-D-glucoside

0.0 0.230309660617
0.01 0.230309660617
0.02 0.230309660617
0.03 0.230309660617
0.04 0.230309660617
0.05 0.230309660617
0.06 0.230309660617
0.07 0.230309660617
0.08 0.230309660617
0.09 0.230309660617
0.1 0.230309660617
0.11 0.230309660617
0.12 0.230309660617
0.13 0.230309660617
0.14 0.230309660617
0.15 0.230309660617
0.16 0.230309660617
0.17 0.230309660617
0.18 0.230309660617
0.19 0.230309660617
0.2 0.230309660617
0.21 0.230309660617
0.22 0.230309660617
0.23 0.230309660617
0.24 0.230309660617
0.25 0.230309660617
0.26 0.230309660617
0.27 0.230309660617
0.28 0.230309660617
0.29 0.230309660617
0.3 0.230309660617
0.31 0.230309660617
0.32 0.230309660617
0.33 0.230309660617
0.34 0.230309660617
0.35 0.230309660617
0.36 0.230309660617
0.37 0.230309660617
0.38 0.230309660617
0.39 0.230309660617
0.4 0.230309660617
0.41 0.230309660617
0.42 0.230309660617
0.43 0.230309660617
0.44 0.230309660617
0.45 0.230309660617
0.46 0.230309660617
0.47 0.230309660617
0.48 0.230309660617
0.49 0.230309660617
0.5 0.230309660617
0.51 0.230309660617
0.52 0.230309660617
0.53 0.230309660617
0.54 0.230309660617
0.55 0.230309660617
0.56 0.230309660617
0.57 0.230309660617
0.58 0.230309660617
0.59 0.230309660617
0.6 0.230309660617
0.61 0.230309660617
0.62 0.230309660617
0.63 0.230309660617
0.64 0.230309660617
0.65 0.230309660617
0.66 0.230309660617
0.67 0.230309660617
0.68 0.230309660617
0.69 0.230309660617
0.7 0.230309660617
0.71 0.230309660617
0.72 0.230309660617
0.73 0.230309660617
0.74 0.230309660617
0.75 0.230309660617
0.76 0.230309660617
0.77 0.230309660617
0.78 0.230309660617
0.79 0.230309660617
0.8 0.230309660617
0.81 0.230309660617
0.82 0.230309660617
0.83 0.230309660617
0.84 0.230309660617
0.85 0.230309660617
0.86 0.230309660617
0.87 0.230309660617
0.88 0.230309660617
0.89 0.230309660617
0.9 0.230309660617
0.91 0.230309660617
0.92 0.230309660617
0.93 0.230309660617
0.94 0.230309660617
0.95 0.230309660617
0.96 0.230309660617
0.97 0.230309660617
0.98 0.230309660617
0.99 0.230309660617
