# Compound {(1,4)-beta-D-glucosyl}(N)

0.0 3.10787177329
0.01 2.59733194346
0.02 2.45784862789
0.03 2.31922778035
0.04 2.17768614679
0.05 2.0278347276
0.06 1.86428793397
0.07 1.70754431423
0.08 1.52382161265
0.09 1.34297601943
0.1 1.13551406019
0.11 0.385055239701
0.12 0.623605752021
0.13 0.746088487832
0.14 0.80905736505
0.15 0.841510007645
0.16 0.858318089183
0.17 0.86713290818
0.18 0.871894328189
0.19 0.874626178022
0.2 0.876361934716
0.21 0.877624163813
0.22 0.87867312576
0.23 0.879635458543
0.24 0.880570495974
0.25 0.881504210493
0.26 0.882446416762
0.27 0.883399375202
0.28 0.8843620164
0.29 0.885331962773
0.3 0.886306460664
0.31 0.887282785866
0.32 0.888258402972
0.33 0.88923101514
0.34 0.89019856873
0.35 0.891159241814
0.36 0.892111428566
0.37 0.893053723881
0.38 0.893984909242
0.39 0.894903939714
0.4 0.895809931646
0.41 0.896702150718
0.42 0.897580000142
0.43 0.898443008944
0.44 0.899290820389
0.45 0.900123180631
0.46 0.900939927727
0.47 0.901740981127
0.48 0.902526331748
0.49 0.903296032695
0.5 0.904050190702
0.51 0.904788958296
0.52 0.905512526703
0.53 0.90622111947
0.54 0.906914986779
0.55 0.907594400419
0.56 0.908259649355
0.57 0.908911035862
0.58 0.909548872169
0.59 0.910173477555
0.6 0.910785175858
0.61 0.911384293352
0.62 0.911971156939
0.63 0.912546092632
0.64 0.913109424281
0.65 0.913661472512
0.66 0.914202553865
0.67 0.914732980078
0.68 0.915253057521
0.69 0.915763086748
0.7 0.916263362146
0.71 0.916754171678
0.72 0.917235796692
0.73 0.917708511804
0.74 0.91817258482
0.75 0.918628276713
0.76 0.91907584163
0.77 0.919515526937
0.78 0.919947573279
0.79 0.920372214673
0.8 0.920789678604
0.81 0.921200186148
0.82 0.921603952095
0.83 0.922001185085
0.84 0.922392087751
0.85 0.922776856861
0.86 0.923155683467
0.87 0.923528753058
0.88 0.923896245705
0.89 0.924258336214
0.9 0.924615194275
0.91 0.924966984608
0.92 0.925313867109
0.93 0.92565599699
0.94 0.925993524923
0.95 0.926326597173
0.96 0.926655355733
0.97 0.926979938454
0.98 0.927300479171
0.99 0.927617107827
