# Compound alizarin

0.0 5.96517926811
0.01 5.04113227683
0.02 4.66404185785
0.03 4.25518614556
0.04 3.81856845724
0.05 3.35778666507
0.06 2.87682086447
0.07 2.4156534022
0.08 1.94447068325
0.09 1.50956262747
0.1 1.09539506645
0.11 0.346251796134
0.12 0.305506961372
0.13 0.273058846898
0.14 0.249650991243
0.15 0.233529579866
0.16 0.222731902702
0.17 0.215654873146
0.18 0.211118484045
0.19 0.208294969287
0.2 0.20661850043
0.21 0.205708021843
0.22 0.205309097116
0.23 0.205252571312
0.24 0.205426121616
0.25 0.205755059247
0.26 0.206189535711
0.27 0.20669608526
0.28 0.207252061298
0.29 0.207841985791
0.3 0.20845515538
0.31 0.20908406986
0.32 0.209723397795
0.33 0.210369292795
0.34 0.211018938973
0.35 0.211670246488
0.36 0.212321645713
0.37 0.212971946503
0.38 0.213620240684
0.39 0.21426583343
0.4 0.214908194135
0.41 0.215546920563
0.42 0.216181712165
0.43 0.21681234982
0.44 0.217438680153
0.45 0.21806060317
0.46 0.21867806236
0.47 0.219291036658
0.48 0.219899533851
0.49 0.220503585119
0.5 0.221103240485
0.51 0.221698565019
0.52 0.22228963564
0.53 0.222876538443
0.54 0.223459366454
0.55 0.22403821774
0.56 0.224613193842
0.57 0.225184398458
0.58 0.225751936356
0.59 0.226315912475
0.6 0.226876431191
0.61 0.227433595719
0.62 0.227987507625
0.63 0.228538266455
0.64 0.229085969427
0.65 0.229630711208
0.66 0.230172583744
0.67 0.230711676144
0.68 0.231248074599
0.69 0.231781862343
0.7 0.232313119638
0.71 0.232841923785
0.72 0.233368349146
0.73 0.233892467197
0.74 0.234414346578
0.75 0.234934053159
0.76 0.235451650117
0.77 0.235967198007
0.78 0.236480754854
0.79 0.23699237623
0.8 0.237502115345
0.81 0.238010023133
0.82 0.23851614834
0.83 0.239020537608
0.84 0.239523235566
0.85 0.240024284906
0.86 0.240523726474
0.87 0.24102159934
0.88 0.241517940886
0.89 0.242012786871
0.9 0.242506171512
0.91 0.24299812755
0.92 0.243488686316
0.93 0.243977877801
0.94 0.244465730713
0.95 0.24495227254
0.96 0.245437529606
0.97 0.245921527126
0.98 0.246404289257
0.99 0.246885839151
