# Compound O-beta-D-glucosylzeatin

0.0 4.56835739607
0.01 5.07574530255
0.02 5.27111571363
0.03 5.49348908527
0.04 5.74474534347
0.05 6.02919715518
0.06 6.35392770551
0.07 6.68976441454
0.08 7.08835483337
0.09 7.50970160737
0.1 8.02224041978
0.11 9.97221496569
0.12 9.46271755089
0.13 9.12012672955
0.14 8.88350858644
0.15 8.71734934159
0.16 8.59936129943
0.17 8.51483848702
0.18 8.45377248498
0.19 8.40922665532
0.2 8.37634239965
0.21 8.35169590287
0.22 8.33286618017
0.23 8.31813842326
0.24 8.30629743851
0.25 8.2964825528
0.26 8.28808510075
0.27 8.28067570365
0.28 8.2739525351
0.29 8.2677044442
0.3 8.26178463704
0.31 8.25609188277
0.32 8.25055709386
0.33 8.24513375089
0.34 8.23979108025
0.35 8.23450920415
0.36 8.22927570353
0.37 8.22408319256
0.38 8.21892761654
0.39 8.213807066
0.4 8.20872095847
0.41 8.20366948076
0.42 8.19865321537
0.43 8.19367289592
0.44 8.18872925254
0.45 8.18382291905
0.46 8.17895438225
0.47 8.17412395922
0.48 8.16933179286
0.49 8.16457785868
0.5 8.1598619784
0.51 8.15518383693
0.52 8.15054300071
0.53 8.14593893607
0.54 8.14137102677
0.55 8.13683859011
0.56 8.13234089157
0.57 8.12787715775
0.58 8.12344658762
0.59 8.11904836233
0.6 8.11468165346
0.61 8.11034563007
0.62 8.1060394645
0.63 8.1017623372
0.64 8.09751344071
0.65 8.09329198272
0.66 8.08909718862
0.67 8.08492830339
0.68 8.08078459304
0.69 8.07666534565
0.7 8.072569872
0.71 8.06849750603
0.72 8.06444760498
0.73 8.06041954934
0.74 8.05641274265
0.75 8.05242661122
0.76 8.04846060367
0.77 8.04451419044
0.78 8.0405868632
0.79 8.03667813428
0.8 8.03278753598
0.81 8.02891461993
0.82 8.02505895637
0.83 8.02122013352
0.84 8.01739775683
0.85 8.01359144834
0.86 8.00980084595
0.87 8.00602560284
0.88 8.00226538673
0.89 7.99851987933
0.9 7.99478877565
0.91 7.99107178349
0.92 7.98736862278
0.93 7.98367902509
0.94 7.98000273306
0.95 7.97633949993
0.96 7.97268908899
0.97 7.96905127316
0.98 7.96542583452
0.99 7.96181256387
