# Compound Cellobiose

0.0 8.08727374355
0.01 8.0065793545
0.02 7.97814412724
0.03 7.90192950983
0.04 7.84417315847
0.05 7.80685174458
0.06 7.78680039548
0.07 7.77983330248
0.08 7.78366329515
0.09 7.79744878091
0.1 7.81999743191
0.11 7.85170196635
0.12 7.85460168999
0.13 7.8638474243
0.14 7.86458257923
0.15 7.85416000805
0.16 7.83388847509
0.17 7.80598509281
0.18 7.77254845017
0.19 7.73528451612
0.2 7.69549632892
0.21 7.65415162771
0.22 7.61196088485
0.23 7.56944423641
0.24 7.52698309467
0.25 7.48485805473
0.26 7.44327610978
0.27 7.40239003013
0.28 7.36231217423
0.29 7.32312439988
0.3 7.28488525544
0.31 7.2476352684
0.32 7.21140089286
0.33 7.17619750097
0.34 7.14203168337
0.35 7.10890304279
0.36 7.07680560975
0.37 7.04572897239
0.38 7.01565918649
0.39 6.98657951439
0.4 6.95847102881
0.41 6.93131310893
0.42 6.90508384961
0.43 6.87976040003
0.44 6.8553192445
0.45 6.83173643555
0.46 6.80898778756
0.47 6.78704903735
0.48 6.76589597732
0.49 6.74550456541
0.5 6.72585101552
0.51 6.70691187153
0.52 6.68866406743
0.53 6.67108497557
0.54 6.65415244497
0.55 6.63784483108
0.56 6.62214101835
0.57 6.60702043666
0.58 6.59246307254
0.59 6.578449476
0.6 6.56496076354
0.61 6.55197861817
0.62 6.53948528659
0.63 6.52746357428
0.64 6.51589683867
0.65 6.50476898082
0.66 6.4940644358
0.67 6.48376816211
0.68 6.4738656302
0.69 6.46434281041
0.7 6.45518616046
0.71 6.44638261248
0.72 6.43791955993
0.73 6.42978484424
0.74 6.42196674152
0.75 6.41445394919
0.76 6.40723557272
0.77 6.40030111248
0.78 6.39364045077
0.79 6.38724383901
0.8 6.38110188524
0.81 6.37520554176
0.82 6.36954609318
0.83 6.3641151446
0.84 6.35890461025
0.85 6.35390670233
0.86 6.34911392019
0.87 6.34451903985
0.88 6.34011510385
0.89 6.33589541137
0.9 6.33185350867
0.91 6.32798317995
0.92 6.32427843836
0.93 6.32073351745
0.94 6.31734286286
0.95 6.31410112428
0.96 6.3110031478
0.97 6.3080439684
0.98 6.30521880286
0.99 6.3025230428
