# Compound anthocyanidin

0.0 3.70583780328
0.01 3.41165600653
0.02 3.43099034895
0.03 3.43807510691
0.04 3.42822879965
0.05 3.38982517815
0.06 3.30309700231
0.07 3.20118618297
0.08 2.97279352755
0.09 2.6671253928
0.1 2.07329847724
0.11 5.0429345775
0.12 5.32319065478
0.13 5.43115061119
0.14 5.46567478549
0.15 5.46879836589
0.16 5.45963714071
0.17 5.44712130866
0.18 5.43533761422
0.19 5.42598193164
0.2 5.41956422562
0.21 5.41602592514
0.22 5.41506122878
0.23 5.41628254946
0.24 5.41930220171
0.25 5.42376908773
0.26 5.42938169621
0.27 5.43588919466
0.28 5.44308706037
0.29 5.45081068517
0.3 5.458928699
0.31 5.46733682378
0.32 5.47595256766
0.33 5.48471081387
0.34 5.49356023793
0.35 5.5024604405
0.36 5.51137967372
0.37 5.52029304745
0.38 5.52918111724
0.39 5.53802877299
0.4 5.54682436281
0.41 5.55555900048
0.42 5.56422601621
0.43 5.57282051911
0.44 5.5813390474
0.45 5.58977928737
0.46 5.59813984682
0.47 5.60642007167
0.48 5.61461989695
0.49 5.6227397256
0.5 5.63078032942
0.51 5.63874276817
0.52 5.64662832337
0.53 5.65443844413
0.54 5.66217470279
0.55 5.66983875876
0.56 5.67743232898
0.57 5.68495716392
0.58 5.69241502815
0.59 5.69980768472
0.6 5.70713688265
0.61 5.714404347
0.62 5.72161177114
0.63 5.72876081077
0.64 5.73585307939
0.65 5.74289014505
0.66 5.74987352802
0.67 5.75680469931
0.68 5.76368507989
0.69 5.7705160404
0.7 5.77729890131
0.71 5.78403493349
0.72 5.79072535894
0.73 5.79737135187
0.74 5.80397403988
0.75 5.81053450521
0.76 5.81705378622
0.77 5.82353287883
0.78 5.829972738
0.79 5.83637427927
0.8 5.84273838033
0.81 5.84906588247
0.82 5.85535759214
0.83 5.8616142824
0.84 5.86783669437
0.85 5.87402553864
0.86 5.88018149663
0.87 5.88630522191
0.88 5.89239734148
0.89 5.89845845699
0.9 5.90448914593
0.91 5.91048996277
0.92 5.91646144001
0.93 5.92240408928
0.94 5.92831840226
0.95 5.9342048517
0.96 5.94006389228
0.97 5.94589596149
0.98 5.95170148045
0.99 5.9574808547
