# Compound beta-D-glucose

0.0 8.62784213164
0.01 8.59569186994
0.02 8.56373765088
0.03 8.53197827907
0.04 8.50041256637
0.05 8.46903933191
0.06 8.43785740202
0.07 8.40686561018
0.08 8.37606279699
0.09 8.3454478101
0.1 8.31501950422
0.11 8.28477674102
0.12 8.2547183891
0.13 8.224843324
0.14 8.19515042808
0.15 8.16563859052
0.16 8.1363067073
0.17 8.10715368109
0.18 8.07817842129
0.19 8.04937984393
0.2 8.02075687165
0.21 7.99230843366
0.22 7.96403346571
0.23 7.93593091003
0.24 7.9079997153
0.25 7.88023883661
0.26 7.85264723543
0.27 7.82522387955
0.28 7.79796774307
0.29 7.77087780632
0.3 7.74395305588
0.31 7.71719248449
0.32 7.69059509103
0.33 7.66415988049
0.34 7.63788586393
0.35 7.61177205844
0.36 7.5858174871
0.37 7.56002117894
0.38 7.53438216893
0.39 7.50889949791
0.4 7.48357221257
0.41 7.45839936541
0.42 7.43338001472
0.43 7.40851322452
0.44 7.38379806455
0.45 7.3592336102
0.46 7.33481894253
0.47 7.31055314817
0.48 7.28643531934
0.49 7.26246455379
0.5 7.23863995478
0.51 7.21496063102
0.52 7.19142569667
0.53 7.16803427128
0.54 7.14478547979
0.55 7.12167845245
0.56 7.09871232483
0.57 7.07588623777
0.58 7.05319933733
0.59 7.0306507748
0.6 7.00823970664
0.61 6.98596529444
0.62 6.96382670493
0.63 6.94182310989
0.64 6.91995368617
0.65 6.89821761563
0.66 6.87661408513
0.67 6.85514228647
0.68 6.8338014164
0.69 6.81259067654
0.7 6.79150927342
0.71 6.77055641836
0.72 6.74973132752
0.73 6.72903322184
0.74 6.70846132699
0.75 6.68801487339
0.76 6.66769309612
0.77 6.64749523495
0.78 6.62742053428
0.79 6.6074682431
0.8 6.58763761501
0.81 6.56792790814
0.82 6.54833838515
0.83 6.52886831318
0.84 6.50951696388
0.85 6.49028361329
0.86 6.4711675419
0.87 6.45216803458
0.88 6.43328438055
0.89 6.41451587338
0.9 6.39586181093
0.91 6.37732149535
0.92 6.35889423306
0.93 6.34057933468
0.94 6.32237611505
0.95 6.3042838932
0.96 6.28630199228
0.97 6.2684297396
0.98 6.25066646655
0.99 6.23301150861
