# Compound Beta-D-glucose1-phosphate

0.0 8.34794193727
0.01 8.34794193727
0.02 8.34794193727
0.03 8.34794193727
0.04 8.34794193727
0.05 8.34794193727
0.06 8.34794193727
0.07 8.34794193727
0.08 8.34794193727
0.09 8.34794193727
0.1 8.34794193727
0.11 8.34794193727
0.12 8.34794193727
0.13 8.34794193727
0.14 8.34794193727
0.15 8.34794193727
0.16 8.34794193727
0.17 8.34794193727
0.18 8.34794193727
0.19 8.34794193727
0.2 8.34794193727
0.21 8.34794193727
0.22 8.34794193727
0.23 8.34794193727
0.24 8.34794193727
0.25 8.34794193727
0.26 8.34794193727
0.27 8.34794193727
0.28 8.34794193727
0.29 8.34794193727
0.3 8.34794193727
0.31 8.34794193727
0.32 8.34794193727
0.33 8.34794193727
0.34 8.34794193727
0.35 8.34794193727
0.36 8.34794193727
0.37 8.34794193727
0.38 8.34794193727
0.39 8.34794193727
0.4 8.34794193727
0.41 8.34794193727
0.42 8.34794193727
0.43 8.34794193727
0.44 8.34794193727
0.45 8.34794193727
0.46 8.34794193727
0.47 8.34794193727
0.48 8.34794193727
0.49 8.34794193727
0.5 8.34794193727
0.51 8.34794193727
0.52 8.34794193727
0.53 8.34794193727
0.54 8.34794193727
0.55 8.34794193727
0.56 8.34794193727
0.57 8.34794193727
0.58 8.34794193727
0.59 8.34794193727
0.6 8.34794193727
0.61 8.34794193727
0.62 8.34794193727
0.63 8.34794193727
0.64 8.34794193727
0.65 8.34794193727
0.66 8.34794193727
0.67 8.34794193727
0.68 8.34794193727
0.69 8.34794193727
0.7 8.34794193727
0.71 8.34794193727
0.72 8.34794193727
0.73 8.34794193727
0.74 8.34794193727
0.75 8.34794193727
0.76 8.34794193727
0.77 8.34794193727
0.78 8.34794193727
0.79 8.34794193727
0.8 8.34794193727
0.81 8.34794193727
0.82 8.34794193727
0.83 8.34794193727
0.84 8.34794193727
0.85 8.34794193727
0.86 8.34794193727
0.87 8.34794193727
0.88 8.34794193727
0.89 8.34794193727
0.9 8.34794193727
0.91 8.34794193727
0.92 8.34794193727
0.93 8.34794193727
0.94 8.34794193727
0.95 8.34794193727
0.96 8.34794193727
0.97 8.34794193727
0.98 8.34794193727
0.99 8.34794193727
