# Compound 3-D-glucosyl-1,2-diacylglycerol

0.0 1.35927340502
0.01 1.39916420766
0.02 1.41016373121
0.03 1.42335801175
0.04 1.43910498161
0.05 1.45817355248
0.06 1.48182251602
0.07 1.5074674177
0.08 1.54204069348
0.09 1.58206187936
0.1 1.6390169876
0.11 1.96058442961
0.12 1.89376821051
0.13 1.84361967944
0.14 1.80434078546
0.15 1.77283513611
0.16 1.74719423593
0.17 1.72611325056
0.18 1.70863934232
0.19 1.69404906657
0.2 1.68178044289
0.21 1.67139078868
0.22 1.66252821445
0.23 1.65491121784
0.24 1.648313528
0.25 1.64255257895
0.26 1.63748060225
0.27 1.63297766658
0.28 1.62894619375
0.29 1.62530661117
0.3 1.62199388811
0.31 1.61895476564
0.32 1.61614553387
0.33 1.61353024384
0.34 1.61107926551
0.35 1.60876812259
0.36 1.6065765494
0.37 1.60448772593
0.38 1.60248765663
0.39 1.60056466509
0.4 1.59870898235
0.41 1.59691241098
0.42 1.59516805067
0.43 1.59347007366
0.44 1.59181354076
0.45 1.59019425029
0.46 1.58860861406
0.47 1.5870535552
0.48 1.585526424
0.49 1.58402492845
0.5 1.58254707677
0.51 1.58109112987
0.52 1.57965556192
0.53 1.5782390276
0.54 1.57684033485
0.55 1.57545842217
0.56 1.57409233967
0.57 1.57274123322
0.58 1.57140433117
0.59 1.57008093319
0.6 1.56877040093
0.61 1.56747215005
0.62 1.5661856436
0.63 1.5649103863
0.64 1.56364591976
0.65 1.56239181836
0.66 1.56114768573
0.67 1.55991315176
0.68 1.55868787002
0.69 1.55747151545
0.7 1.55626378249
0.71 1.55506438337
0.72 1.55387304657
0.73 1.5526895156
0.74 1.55151354776
0.75 1.55034491319
0.76 1.54918339391
0.77 1.54802878303
0.78 1.54688088397
0.79 1.54573950987
0.8 1.5446044829
0.81 1.54347563375
0.82 1.54235280115
0.83 1.54123583134
0.84 1.5401245777
0.85 1.53901890033
0.86 1.53791866565
0.87 1.53682374614
0.88 1.53573401991
0.89 1.53464937051
0.9 1.53356968656
0.91 1.53249486154
0.92 1.53142479352
0.93 1.53035938493
0.94 1.52929854236
0.95 1.5282421763
0.96 1.527190201
0.97 1.52614253427
0.98 1.52509909728
0.99 1.5240598144
