# Compound alpha-D-galactose1-phosphate

0.0 3.59122155399
0.01 3.4667195388
0.02 3.46785903917
0.03 3.4610149194
0.04 3.44287387882
0.05 3.40743762645
0.06 3.34582526988
0.07 3.27376921423
0.08 3.15050423047
0.09 3.00101468894
0.1 2.78110412074
0.11 1.95121657444
0.12 2.4536463033
0.13 2.89671307531
0.14 3.24689499005
0.15 3.50770229502
0.16 3.6948869875
0.17 3.82575369018
0.18 3.91531710233
0.19 3.97539531262
0.2 4.01482413719
0.21 4.04000869185
0.22 4.05549864877
0.23 4.06447923622
0.24 4.06915541024
0.25 4.07103868079
0.26 4.07115530993
0.27 4.07019473006
0.28 4.068614076
0.29 4.06671119683
0.3 4.06467535065
0.31 4.06262224984
0.32 4.06061820361
0.33 4.05869669912
0.34 4.05686975442
0.35 4.0551356644
0.36 4.05348426239
0.37 4.05190047264
0.38 4.05036668894
0.39 4.04886434801
0.4 4.0473749519
0.41 4.04588071445
0.42 4.04436495227
0.43 4.04281230343
0.44 4.04120883073
0.45 4.03954204883
0.46 4.03780090213
0.47 4.03597571172
0.48 4.03405810374
0.49 4.03204092785
0.5 4.0299181711
0.51 4.02768487108
0.52 4.02533703072
0.53 4.02287153619
0.54 4.02028607864
0.55 4.01757908055
0.56 4.0147496265
0.57 4.01179739863
0.58 4.00872261663
0.59 4.00552598196
0.6 4.00220862626
0.61 3.99877206366
0.62 3.99521814662
0.63 3.99154902534
0.64 3.98776711021
0.65 3.98387503735
0.66 3.97987563687
0.67 3.97577190368
0.68 3.97156697076
0.69 3.96726408464
0.7 3.96286658294
0.71 3.95837787394
0.72 3.95380141781
0.73 3.94914070967
0.74 3.94439926415
0.75 3.9395806014
0.76 3.93468823448
0.77 3.92972565804
0.78 3.92469633812
0.79 3.91960370313
0.8 3.91445113572
0.81 3.90924196577
0.82 3.90397946406
0.83 3.89866683692
0.84 3.89330722153
0.85 3.88790368198
0.86 3.88245920585
0.87 3.87697670157
0.88 3.87145899614
0.89 3.86590883344
0.9 3.86032887297
0.91 3.85472168904
0.92 3.84908977022
0.93 3.84343551931
0.94 3.83776125346
0.95 3.83206920464
0.96 3.82636152036
0.97 3.82064026456
0.98 3.81490741879
0.99 3.80916488346
