# Compound 1-O-galloyl-beta-D-glucose

0.0 8.02974587224
0.01 8.1234427559
0.02 8.23408293929
0.03 8.2721105207
0.04 8.29353481215
0.05 8.3092422016
0.06 8.32259877584
0.07 8.33458565822
0.08 8.34529113208
0.09 8.35505941574
0.1 8.3633947283
0.11 8.37351476986
0.12 8.38124304784
0.13 8.37730843288
0.14 8.36668935693
0.15 8.35238678859
0.16 8.3361703248
0.17 8.319079196
0.18 8.30172693621
0.19 8.28447978703
0.2 8.26755951009
0.21 8.25110224902
0.22 8.23519220571
0.23 8.21988101166
0.24 8.20519902312
0.25 8.19116207008
0.26 8.1777756421
0.27 8.16503761524
0.28 8.15294013158
0.29 8.14147096805
0.3 8.13061458118
0.31 8.12035293238
0.32 8.11066615404
0.33 8.10153309357
0.34 8.09293175932
0.35 8.08483968563
0.36 8.07723423015
0.37 8.07009281413
0.38 8.06339311444
0.39 8.05711321512
0.4 8.05123172495
0.41 8.04572786659
0.42 8.04058154221
0.43 8.03577337967
0.44 8.03128476278
0.45 8.02709784852
0.46 8.02319557378
0.47 8.01956165367
0.48 8.01618057313
0.49 8.01303757328
0.5 8.01011863371
0.51 8.00741045176
0.52 8.00490041946
0.53 8.00257659897
0.54 8.0004276969
0.55 7.9984430381
0.56 7.99661253914
0.57 7.99492668189
0.58 7.99337648731
0.59 7.99195348975
0.6 7.99064971179
0.61 7.98945763974
0.62 7.9883702
0.63 7.98738073614
0.64 7.9864829869
0.65 7.98567106504
0.66 7.9849394371
0.67 7.98428290399
0.68 7.98369658256
0.69 7.98317588796
0.7 7.98271651685
0.71 7.98231443147
0.72 7.98196584446
0.73 7.98166720456
0.74 7.98141518287
0.75 7.98120666004
0.76 7.98103871396
0.77 7.98090860824
0.78 7.98081378122
0.79 7.98075183566
0.8 7.98072052892
0.81 7.98071776377
0.82 7.98074157962
0.83 7.98079014431
0.84 7.98086174633
0.85 7.9809547875
0.86 7.98106777606
0.87 7.98119932012
0.88 7.98134812156
0.89 7.98151297021
0.9 7.98169273841
0.91 7.98188637584
0.92 7.98209290472
0.93 7.98231141523
0.94 7.98254106121
0.95 7.98278105615
0.96 7.98303066935
0.97 7.98328922239
0.98 7.9835560857
0.99 7.98383067547
