# Compound CH(3)-N(O)=N-CH(2)OH

0.0 9.10605048142
0.01 8.77173109413
0.02 8.74340099604
0.03 8.69961618876
0.04 8.63602903013
0.05 8.54189189658
0.06 8.39848688018
0.07 8.23785199092
0.08 7.95347956947
0.09 7.58820189297
0.1 6.92879896461
0.11 11.0575013861
0.12 10.8846364136
0.13 10.7036473089
0.14 10.5439635995
0.15 10.4116372625
0.16 10.3053937933
0.17 10.2218448331
0.18 10.1572665357
0.19 10.1082062272
0.2 10.0716673366
0.21 10.0451354824
0.22 10.0265437357
0.23 10.0142164647
0.24 10.0068087824
0.25 10.0032492039
0.26 10.0026887164
0.27 10.0044572646
0.28 10.0080275273
0.29 10.012985315
0.3 10.0190057049
0.31 10.025833993
0.32 10.033270603
0.33 10.0411591922
0.34 10.0493773139
0.35 10.0578291017
0.36 10.0664395477
0.37 10.0751500279
0.38 10.0839148035
0.39 10.0926982818
0.4 10.1014728701
0.41 10.1102172914
0.42 10.1189152603
0.43 10.1275544391
0.44 10.1361256153
0.45 10.144622049
0.46 10.1530389573
0.47 10.1613731041
0.48 10.1696224732
0.49 10.1777860086
0.5 10.1858634067
0.51 10.1938549502
0.52 10.2017613752
0.53 10.2095837649
0.54 10.2173234646
0.55 10.224982013
0.56 10.2325610882
0.57 10.2400624637
0.58 10.2474879737
0.59 10.2548394857
0.6 10.2621188786
0.61 10.2693280252
0.62 10.2764687791
0.63 10.2835429642
0.64 10.2905523671
0.65 10.2974987306
0.66 10.3043837502
0.67 10.3112090704
0.68 10.3179762833
0.69 10.3246869273
0.7 10.3313424868
0.71 10.3379443922
0.72 10.3444940204
0.73 10.350992696
0.74 10.3574416921
0.75 10.3638422317
0.76 10.3701954892
0.77 10.376502592
0.78 10.382764622
0.79 10.3889826174
0.8 10.3951575743
0.81 10.4012904482
0.82 10.407382156
0.83 10.4134335776
0.84 10.4194455571
0.85 10.4254189048
0.86 10.4313543986
0.87 10.4372527855
0.88 10.4431147827
0.89 10.4489410796
0.9 10.4547323384
0.91 10.4604891959
0.92 10.4662122645
0.93 10.4719021334
0.94 10.4775593695
0.95 10.4831845189
0.96 10.4887781075
0.97 10.494340642
0.98 10.499872611
0.99 10.5053744859
