# Compound ahydroxyanthraquinone

0.0 0.458152772867
0.01 0.372448213845
0.02 0.400259501718
0.03 0.422467443482
0.04 0.436590620625
0.05 0.437374337574
0.06 0.416738253682
0.07 0.389140799583
0.08 1.19410176948
0.09 0.854785942902
0.1 1.7179176178
0.11 1.58106294455
0.12 1.50408129075
0.13 1.42362045875
0.14 1.36229515161
0.15 1.32085810662
0.16 1.29486773971
0.17 1.27966728559
0.18 1.27161326976
0.19 1.26814524606
0.2 1.26755830304
0.21 1.26875262251
0.22 1.27103323193
0.23 1.27396731786
0.24 1.27728824578
0.25 1.28083314071
0.26 1.28450317323
0.27 1.28823867678
0.28 1.29200373694
0.29 1.29577673662
0.3 1.29954460368
0.31 1.30329933994
0.32 1.30703594528
0.33 1.31075118872
0.34 1.31444288983
0.35 1.3181095049
0.36 1.32174989286
0.37 1.32536318546
0.38 1.32894871681
0.39 1.33250598531
0.4 1.33603463262
0.41 1.33953443077
0.42 1.34300527261
0.43 1.34644716324
0.44 1.34986021129
0.45 1.35324461956
0.46 1.3566006754
0.47 1.35992874061
0.48 1.3632292414
0.49 1.36650265865
0.5 1.36974951844
0.51 1.37297038333
0.52 1.37616584419
0.53 1.37933651289
0.54 1.38248301572
0.55 1.38560598757
0.56 1.38870606686
0.57 1.39178389122
0.58 1.39484009375
0.59 1.39787529992
0.6 1.40089012497
0.61 1.40388517186
0.62 1.40686102954
0.63 1.40981827169
0.64 1.41275745568
0.65 1.41567912192
0.66 1.41858379334
0.67 1.42147197513
0.68 1.42434415462
0.69 1.42720080136
0.7 1.43004236719
0.71 1.43286928658
0.72 1.43568197686
0.73 1.43848083867
0.74 1.44126625633
0.75 1.44403859837
0.76 1.44679821797
0.77 1.44954545349
0.78 1.45228062898
0.79 1.45500405474
0.8 1.45771602778
0.81 1.46041683241
0.82 1.46310674073
0.83 1.46578601313
0.84 1.46845489881
0.85 1.47111363624
0.86 1.47376245365
0.87 1.47640156948
0.88 1.47903119283
0.89 1.48165152388
0.9 1.48426275428
0.91 1.4868650676
0.92 1.48945863964
0.93 1.49204363886
0.94 1.49462022666
0.95 1.49718855777
0.96 1.49974878054
0.97 1.50230103726
0.98 1.50484546441
0.99 1.50738219301
