# Compound {(2,1)-beta-D-fructosyl}(N+1)

0.0 7.24099675798
0.01 6.88224114926
0.02 6.54722013211
0.03 6.29229392307
0.04 6.08739712513
0.05 5.91797925453
0.06 5.77511838397
0.07 5.65286257825
0.08 5.54703229166
0.09 5.4545633506
0.1 5.37315270408
0.11 5.30082845914
0.12 5.23468496697
0.13 5.17429069199
0.14 5.1199426783
0.15 5.07156420171
0.16 5.02884094658
0.17 4.99134182265
0.18 4.95859870472
0.19 4.93015149872
0.2 4.90557023789
0.21 4.88446370903
0.22 4.86648087283
0.23 4.85130879837
0.24 4.83866916699
0.25 4.8283144072
0.26 4.82002396596
0.27 4.81360092547
0.28 4.80886902597
0.29 4.80567008533
0.3 4.80386177802
0.31 4.80331572742
0.32 4.80391586664
0.33 4.8055570272
0.34 4.80814372059
0.35 4.8115890832
0.36 4.81581395961
0.37 4.82074610346
0.38 4.82631947862
0.39 4.83247364595
0.4 4.83915322343
0.41 4.84630740947
0.42 4.85388956049
0.43 4.86185681563
0.44 4.87016976208
0.45 4.87879213607
0.46 4.88769055456
0.47 4.89683427419
0.48 4.90619497389
0.49 4.91574655837
0.5 4.92546498021
0.51 4.93532807814
0.52 4.94531543003
0.53 4.95540821872
0.54 4.96558910948
0.55 4.97584213786
0.56 4.98615260688
0.57 4.99650699261
0.58 5.00689285732
0.59 5.01729876963
0.6 5.02771423075
0.61 5.03812960656
0.62 5.04853606473
0.63 5.05892551669
0.64 5.06929056382
0.65 5.07962444772
0.66 5.08992100399
0.67 5.1001746195
0.68 5.11038019261
0.69 5.12053309629
0.7 5.13062914387
0.71 5.14066455718
0.72 5.15063593691
0.73 5.16054023508
0.74 5.17037472944
0.75 5.18013699954
0.76 5.1898249046
0.77 5.19943656279
0.78 5.20897033198
0.79 5.21842479182
0.8 5.22779872703
0.81 5.23709111183
0.82 5.24630109547
0.83 5.2554279887
0.84 5.26447125119
0.85 5.27343047984
0.86 5.28230539783
0.87 5.2910958445
0.88 5.29980176581
0.89 5.30842320561
0.9 5.31696029735
0.91 5.32541325651
0.92 5.33378237345
0.93 5.34206800681
0.94 5.35027057736
0.95 5.35839056226
0.96 5.36642848978
0.97 5.37438493433
0.98 5.38226051187
0.99 5.39005587569
