# Compound N-acylsphingosine

0.0 7.70896828758
0.01 6.67502285723
0.02 6.07507147471
0.03 5.52141270453
0.04 4.98748367444
0.05 4.45160498234
0.06 3.89932748373
0.07 3.3791985108
0.08 2.80270485188
0.09 2.23666412413
0.1 1.56093957517
0.11 2.26591535108
0.12 2.38697454694
0.13 2.40979157992
0.14 2.4006566918
0.15 2.38399123019
0.16 2.36839120682
0.17 2.35634442918
0.18 2.34804800065
0.19 2.34294214126
0.2 2.34031609947
0.21 2.33952793208
0.22 2.34006497506
0.23 2.34154235989
0.24 2.34368124257
0.25 2.34628384743
0.26 2.34921158071
0.27 2.35236782237
0.28 2.35568517043
0.29 2.35911632433
0.3 2.3626277259
0.31 2.36619519899
0.32 2.36980099512
0.33 2.37343180815
0.34 2.37707744642
0.35 2.38072994557
0.36 2.38438297394
0.37 2.38803143091
0.38 2.39167117156
0.39 2.3952988139
0.4 2.39891159991
0.41 2.40250729208
0.42 2.40608409322
0.43 2.4096405823
0.44 2.41317566121
0.45 2.4166885096
0.46 2.42017854586
0.47 2.42364539289
0.48 2.42708884802
0.49 2.43050885645
0.5 2.43390548779
0.51 2.43727891534
0.52 2.44062939799
0.53 2.44395726434
0.54 2.4472628989
0.55 2.45054673013
0.56 2.45380922011
0.57 2.4570508558
0.58 2.46027214145
0.59 2.46347359229
0.6 2.46665572918
0.61 2.46981907413
0.62 2.47296414662
0.63 2.47609146059
0.64 2.47920152194
0.65 2.48229482659
0.66 2.48537185891
0.67 2.48843309055
0.68 2.49147897954
0.69 2.49450996961
0.7 2.49752648983
0.71 2.50052895434
0.72 2.50351776221
0.73 2.50649329753
0.74 2.50945592946
0.75 2.51240601252
0.76 2.51534388677
0.77 2.5182698782
0.78 2.52118429904
0.79 2.52408744819
0.8 2.52697961161
0.81 2.52986106274
0.82 2.53273206297
0.83 2.53559286204
0.84 2.53844369853
0.85 2.54128480025
0.86 2.54411638473
0.87 2.54693865958
0.88 2.549751823
0.89 2.55255606409
0.9 2.55535156334
0.91 2.55813849295
0.92 2.56091701725
0.93 2.56368729304
0.94 2.56644946994
0.95 2.56920369073
0.96 2.57195009168
0.97 2.57468880286
0.98 2.57741994841
0.99 2.58014364689
