# Compound Lactose

0.0 2.14381479692
0.01 2.02371401725
0.02 2.02887474982
0.03 2.00967323948
0.04 1.98421590457
0.05 1.95775292484
0.06 1.9319182273
0.07 1.90717478363
0.08 1.88355739089
0.09 1.86103474535
0.1 1.83946696356
0.11 1.81922593514
0.12 1.79919465976
0.13 1.7796100598
0.14 1.76086076753
0.15 1.74300558361
0.16 1.72599336229
0.17 1.70974899655
0.18 1.69420201042
0.19 1.67929322062
0.2 1.66497417147
0.21 1.65120486665
0.22 1.63795159935
0.23 1.62518530174
0.24 1.61288038966
0.25 1.60101397558
0.26 1.58956533043
0.27 1.57851550663
0.28 1.56784706445
0.29 1.55754386532
0.3 1.54759090964
0.31 1.53797420558
0.32 1.52868066026
0.33 1.51969798788
0.34 1.51101463118
0.35 1.50261969367
0.36 1.49450288073
0.37 1.48665444809
0.38 1.47906515657
0.39 1.47172623208
0.4 1.46462933017
0.41 1.45776650445
0.42 1.45113017831
0.43 1.44471311951
0.44 1.43850841726
0.45 1.4325094615
0.46 1.42670992402
0.47 1.42110374127
0.48 1.41568509864
0.49 1.410448416
0.5 1.40538833447
0.51 1.40049970411
0.52 1.39577757265
0.53 1.39121717498
0.54 1.38681392339
0.55 1.38256339853
0.56 1.37846134099
0.57 1.37450364336
0.58 1.37068634294
0.59 1.3670056148
0.6 1.36345776535
0.61 1.36003922627
0.62 1.35674654883
0.63 1.35357639855
0.64 1.35052555013
0.65 1.34759088277
0.66 1.34476937563
0.67 1.34205810365
0.68 1.33945423355
0.69 1.33695502007
0.7 1.33455780236
0.71 1.33226000068
0.72 1.33005911312
0.73 1.32795271262
0.74 1.32593844404
0.75 1.32401402147
0.76 1.32217722559
0.77 1.32042590123
0.78 1.31875795498
0.79 1.31717135298
0.8 1.31566411875
0.81 1.3142343312
0.82 1.31288012265
0.83 1.31159967696
0.84 1.31039122781
0.85 1.30925305697
0.86 1.30818349267
0.87 1.3071809081
0.88 1.30624371985
0.89 1.30537038656
0.9 1.30455940752
0.91 1.30380932138
0.92 1.30311870487
0.93 1.30248617164
0.94 1.30191037107
0.95 1.30138998715
0.96 1.30092373747
0.97 1.30051037213
0.98 1.3001486728
0.99 1.29983745175
