# Compound trans-cinnamoyl-beta-D-glucose

0.0 6.75023512264
0.01 6.84550729938
0.02 6.75322598603
0.03 6.66162101424
0.04 6.573955192
0.05 6.49871728464
0.06 6.45020336979
0.07 6.40994789273
0.08 6.45402082618
0.09 6.55357383978
0.1 6.85825368577
0.11 4.58991803761
0.12 4.3073841614
0.13 4.17377022624
0.14 4.11032704547
0.15 4.08152377017
0.16 4.06991224639
0.17 4.06649066298
0.18 4.06652777485
0.19 4.06756250008
0.2 4.06837023868
0.21 4.06840153675
0.22 4.06746904984
0.23 4.06557153972
0.24 4.06279558481
0.25 4.0592618434
0.26 4.05509682271
0.27 4.05041908061
0.28 4.0453334132
0.29 4.03992930019
0.3 4.03428148208
0.31 4.02845148351
0.32 4.02248944465
0.33 4.01643593553
0.34 4.01032360405
0.35 4.00417860364
0.36 3.99802179541
0.37 3.99186974287
0.38 3.98573552616
0.39 3.97962940419
0.4 3.9735593514
0.41 3.96753149217
0.42 3.96155045257
0.43 3.95561964538
0.44 3.94974150151
0.45 3.94391765822
0.46 3.93814911249
0.47 3.93243634634
0.48 3.92677942931
0.49 3.92117810237
0.5 3.91563184684
0.51 3.91013994087
0.52 3.90470150576
0.53 3.89931554406
0.54 3.89398097069
0.55 3.88869663847
0.56 3.8834613589
0.57 3.8782739191
0.58 3.87313309552
0.59 3.86803766497
0.6 3.86298641349
0.61 3.85797814329
0.62 3.85301167828
0.63 3.84808586829
0.64 3.84319959224
0.65 3.83835176049
0.66 3.83354131645
0.67 3.8287672377
0.68 3.82402853646
0.69 3.81932425993
0.7 3.81465349006
0.71 3.81001534327
0.72 3.8054089699
0.73 3.80083355345
0.74 3.79628830984
0.75 3.79177248643
0.76 3.7872853611
0.77 3.7828262412
0.78 3.77839446251
0.79 3.77398938819
0.8 3.76961040772
0.81 3.76525693583
0.82 3.76092841147
0.83 3.75662429677
0.84 3.75234407604
0.85 3.7480872548
0.86 3.74385335884
0.87 3.73964193326
0.88 3.73545254164
0.89 3.73128476517
0.9 3.72713820178
0.91 3.72301246544
0.92 3.71890718533
0.93 3.71482200515
0.94 3.71075658244
0.95 3.7067105879
0.96 3.70268370476
0.97 3.69867562821
0.98 3.69468606479
0.99 3.69071473186
