# Compound GTP

0.0 4.3468313604
0.01 4.40483740553
0.02 4.44931625405
0.03 4.47450938752
0.04 4.48005458304
0.05 4.46871316789
0.06 4.44221916538
0.07 4.40257640084
0.08 4.34921978119
0.09 4.28206314542
0.1 4.19939565021
0.11 4.11304140306
0.12 4.07187761757
0.13 3.98009903142
0.14 3.86649466094
0.15 3.746219336
0.16 3.62684913616
0.17 3.51197317227
0.18 3.40313507453
0.19 3.30084594668
0.2 3.20510580367
0.21 3.11567078065
0.22 3.03218978677
0.23 2.95427409189
0.24 2.88153232593
0.25 2.8135875504
0.26 2.75008499973
0.27 2.69069496582
0.28 2.63511317545
0.29 2.5830599062
0.3 2.53427850648
0.31 2.48853367675
0.32 2.4456097024
0.33 2.40530873825
0.34 2.36744919413
0.35 2.33186424324
0.36 2.29840045949
0.37 2.26691658147
0.38 2.23728239628
0.39 2.20937773426
0.4 2.18309156498
0.41 2.15832118477
0.42 2.13497148636
0.43 2.11295430216
0.44 2.09218781316
0.45 2.07259601623
0.46 2.0541082436
0.47 2.03665872857
0.48 2.0201862126
0.49 2.00463358909
0.5 1.98994758007
0.51 1.97607844218
0.52 1.96297969888
0.53 1.95060789615
0.54 1.93892237934
0.55 1.92788508896
0.56 1.9174603735
0.57 1.90761481782
0.58 1.89831708529
0.59 1.88953777265
0.6 1.88124927634
0.61 1.87342566914
0.62 1.86604258633
0.63 1.8590771205
0.64 1.85250772416
0.65 1.84631411964
0.66 1.84047721553
0.67 1.8349790292
0.68 1.82980261488
0.69 1.82493199681
0.7 1.82035210716
0.71 1.81604872823
0.72 1.81200843868
0.73 1.80821856345
0.74 1.8046671271
0.75 1.80134281032
0.76 1.79823490934
0.77 1.79533329812
0.78 1.79262839298
0.79 1.79011111962
0.8 1.78777288235
0.81 1.78560553524
0.82 1.78360135523
0.83 1.78175301697
0.84 1.78005356929
0.85 1.77849641316
0.86 1.77707528113
0.87 1.77578421801
0.88 1.77461756282
0.89 1.7735699319
0.9 1.77263620308
0.91 1.77181150079
0.92 1.77109118223
0.93 1.77047082427
0.94 1.76994621127
0.95 1.76951332359
0.96 1.76916832688
0.97 1.76890756194
0.98 1.76872753529
0.99 1.76862491025
