# Compound 2-oxoglutarate

0.0 1.04708944602
0.01 1.01719831417
0.02 0.994059270891
0.03 0.975217925724
0.04 0.959675806837
0.05 0.946773542535
0.06 0.936006428131
0.07 0.926973011393
0.08 0.919347988571
0.09 0.912864082065
0.1 0.907301889119
0.11 0.902472710456
0.12 0.898229201391
0.13 0.894453441254
0.14 0.891073335657
0.15 0.888030148782
0.16 0.885272182083
0.17 0.882753229707
0.18 0.880432397082
0.19 0.878274074128
0.2 0.876247743085
0.21 0.874327610321
0.22 0.872492130776
0.23 0.870723493341
0.24 0.869007114852
0.25 0.86733117005
0.26 0.865686170108
0.27 0.864064593065
0.28 0.862460564369
0.29 0.860869583239
0.3 0.859288289609
0.31 0.857714266386
0.32 0.856145872071
0.33 0.85458209934
0.34 0.85302245575
0.35 0.851466863245
0.36 0.849915573659
0.37 0.848369097784
0.38 0.846828145988
0.39 0.845293578625
0.4 0.843766364766
0.41 0.842247547988
0.42 0.840738218159
0.43 0.839239488288
0.44 0.837752475675
0.45 0.836278286689
0.46 0.834818004601
0.47 0.833372679997
0.48 0.831943323354
0.49 0.830530899425
0.5 0.82913632313
0.51 0.827760456713
0.52 0.826404107927
0.53 0.825068029084
0.54 0.823752916794
0.55 0.822459412281
0.56 0.821188102152
0.57 0.819939519523
0.58 0.818714145437
0.59 0.817512410497
0.6 0.816334696655
0.61 0.815181339128
0.62 0.814052628381
0.63 0.812948812167
0.64 0.81187009758
0.65 0.81081665311
0.66 0.80978861068
0.67 0.808786067656
0.68 0.807809088807
0.69 0.80685770822
0.7 0.80593193116
0.71 0.805031735863
0.72 0.804157075267
0.73 0.803307878674
0.74 0.80248405335
0.75 0.801685486048
0.76 0.800912044464
0.77 0.800163578634
0.78 0.799439922251
0.79 0.798740893926
0.8 0.798066298383
0.81 0.797415927589
0.82 0.796789561831
0.83 0.796186970727
0.84 0.795607914191
0.85 0.795052143335
0.86 0.794519401326
0.87 0.794009424193
0.88 0.793521941585
0.89 0.793056677491
0.9 0.792613350906
0.91 0.792191676468
0.92 0.791791365046
0.93 0.791412124306
0.94 0.791053659223
0.95 0.790715672577
0.96 0.790397865404
0.97 0.790099937432
0.98 0.789821587473
0.99 0.789562513801
