# Compound {(2,1)-beta-D-fructosyl}(N)

0.0 3.35027921047
0.01 3.70903481919
0.02 4.04405583634
0.03 4.29898204538
0.04 4.50387884332
0.05 4.67329671392
0.06 4.81615758448
0.07 4.9384133902
0.08 5.04424367679
0.09 5.13671261785
0.1 5.21812326437
0.11 5.29044750931
0.12 5.35659100148
0.13 5.41698527646
0.14 5.47133329015
0.15 5.51971176674
0.16 5.56243502187
0.17 5.5999341458
0.18 5.63267726373
0.19 5.66112446973
0.2 5.68570573056
0.21 5.70681225941
0.22 5.72479509562
0.23 5.73996717008
0.24 5.75260680146
0.25 5.76296156125
0.26 5.77125200249
0.27 5.77767504298
0.28 5.78240694248
0.29 5.78560588312
0.3 5.78741419043
0.31 5.78796024103
0.32 5.7873601018
0.33 5.78571894125
0.34 5.78313224786
0.35 5.77968688525
0.36 5.77546200884
0.37 5.77052986499
0.38 5.76495648983
0.39 5.7588023225
0.4 5.75212274502
0.41 5.74496855898
0.42 5.73738640796
0.43 5.72941915282
0.44 5.72110620636
0.45 5.71248383238
0.46 5.70358541389
0.47 5.69444169426
0.48 5.68508099456
0.49 5.67552941007
0.5 5.66581098824
0.51 5.6559478903
0.52 5.64596053841
0.53 5.63586774973
0.54 5.62568685897
0.55 5.61543383059
0.56 5.60512336156
0.57 5.59476897584
0.58 5.58438311113
0.59 5.57397719882
0.6 5.5635617377
0.61 5.55314636189
0.62 5.54273990371
0.63 5.53235045176
0.64 5.52198540462
0.65 5.51165152073
0.66 5.50135496446
0.67 5.49110134895
0.68 5.48089577584
0.69 5.47074287216
0.7 5.46064682458
0.71 5.45061141127
0.72 5.44064003154
0.73 5.43073573337
0.74 5.42090123901
0.75 5.41113896891
0.76 5.40145106384
0.77 5.39183940566
0.78 5.38230563647
0.79 5.37285117663
0.8 5.36347724142
0.81 5.35418485662
0.82 5.34497487298
0.83 5.33584797975
0.84 5.32680471726
0.85 5.31784548861
0.86 5.30897057062
0.87 5.30018012395
0.88 5.29147420264
0.89 5.28285276284
0.9 5.2743156711
0.91 5.26586271194
0.92 5.257493595
0.93 5.24920796164
0.94 5.24100539109
0.95 5.23288540619
0.96 5.22484747867
0.97 5.21689103412
0.98 5.20901545658
0.99 5.20122009276
