# Compound gibberellin2-O-beta-D-glucoside

0.0 1.9232466079
0.01 2.21943748763
0.02 2.3113478588
0.03 2.4178718462
0.04 2.54066291182
0.05 2.68422887891
0.06 2.85674597688
0.07 3.03438822616
0.08 3.27422870806
0.09 3.54242942975
0.1 3.93841115181
0.11 2.78345046393
0.12 2.70493421249
0.13 2.69315946953
0.14 2.7023072683
0.15 2.71584620319
0.16 2.72804884224
0.17 2.73730481297
0.18 2.74354291766
0.19 2.74720444747
0.2 2.74883579137
0.21 2.74893697836
0.22 2.74791677067
0.23 2.7460905849
0.24 2.74369364241
0.25 2.74089759137
0.26 2.73782593319
0.27 2.73456674569
0.28 2.73118254539
0.29 2.72771764685
0.3 2.72420351561
0.31 2.72066259168
0.32 2.7171109846
0.33 2.71356035508
0.34 2.71001922005
0.35 2.70649385442
0.36 2.70298891379
0.37 2.69950786553
0.38 2.69605328913
0.39 2.69262708764
0.4 2.68923063888
0.41 2.68586490563
0.42 2.68253051782
0.43 2.67922783541
0.44 2.67595699776
0.45 2.67271796318
0.46 2.6695105415
0.47 2.66633442106
0.48 2.66318919158
0.49 2.66007436356
0.5 2.65698938482
0.51 2.65393365466
0.52 2.650906536
0.53 2.64790736564
0.54 2.64493546308
0.55 2.64199013786
0.56 2.63907069584
0.57 2.6361764443
0.58 2.63330669629
0.59 2.63046077405
0.6 2.62763801188
0.61 2.62483775833
0.62 2.62205937799
0.63 2.61930225274
0.64 2.61656578275
0.65 2.61384938711
0.66 2.61115250424
0.67 2.60847459207
0.68 2.60581512803
0.69 2.60317360896
0.7 2.60054955082
0.71 2.59794248839
0.72 2.59535197483
0.73 2.59277758119
0.74 2.59021889594
0.75 2.5876755244
0.76 2.58514708818
0.77 2.58263322457
0.78 2.58013358602
0.79 2.57764783949
0.8 2.57517566587
0.81 2.57271675947
0.82 2.57027082735
0.83 2.56783758887
0.84 2.56541677508
0.85 2.56300812823
0.86 2.56061140125
0.87 2.55822635726
0.88 2.55585276911
0.89 2.55349041894
0.9 2.55113909769
0.91 2.54879860476
0.92 2.54646874753
0.93 2.54414934104
0.94 2.54184020762
0.95 2.5395411765
0.96 2.5372520835
0.97 2.53497277075
0.98 2.53270308632
0.99 2.53044288399
