# Compound D-glyceraldehyde3-phosphate

0.0 0.019
0.01 0.0189277496483
0.02 0.018865615993
0.03 0.0188131729039
0.04 0.0187700118039
0.05 0.0187357409231
0.06 0.0187099845868
0.07 0.0186923825338
0.08 0.0186825892659
0.09 0.0186802734253
0.1 0.0186851171991
0.11 0.0186968157506
0.12 0.0187150767944
0.13 0.0187396201253
0.14 0.0187701770174
0.15 0.0188064896772
0.16 0.0188483107821
0.17 0.0188954030401
0.18 0.0189475387674
0.19 0.019004499484
0.2 0.0190660755272
0.21 0.0191320656798
0.22 0.0192022767789
0.23 0.0192765233819
0.24 0.0193546275379
0.25 0.0194364184087
0.26 0.0195217319671
0.27 0.0196103161766
0.28 0.0197018271836
0.29 0.0197961317218
0.3 0.0198931021265
0.31 0.0199926161006
0.32 0.0200945564898
0.33 0.0201988110682
0.34 0.0203052723325
0.35 0.0204138373045
0.36 0.0205244073431
0.37 0.0206368879625
0.38 0.0207511886597
0.39 0.0208672227459
0.4 0.0209849071879
0.41 0.0211041624555
0.42 0.0212249123755
0.43 0.0213470839924
0.44 0.0214706074341
0.45 0.0215954157838
0.46 0.0217214449574
0.47 0.0218486335855
0.48 0.0219769229004
0.49 0.0221062566288
0.5 0.0222365808875
0.51 0.0223678368995
0.52 0.022500162991
0.53 0.0226333151513
0.54 0.0227672487474
0.55 0.0229019210558
0.56 0.0230372911835
0.57 0.0231733199917
0.58 0.023309970024
0.59 0.0234472054357
0.6 0.0235849919277
0.61 0.0237232966822
0.62 0.0238620883018
0.63 0.0240013367501
0.64 0.0241410132961
0.65 0.0242810904596
0.66 0.0244215419602
0.67 0.0245623426669
0.68 0.0247034685512
0.69 0.0248448966417
0.7 0.0249866049797
0.71 0.0251288003985
0.72 0.0252713326194
0.73 0.0254140684853
0.74 0.025556989947
0.75 0.025700079764
0.76 0.0258433214706
0.77 0.0259866993447
0.78 0.0261301983767
0.79 0.0262738042407
0.8 0.0264175032659
0.81 0.0265612824104
0.82 0.0267051292348
0.83 0.0268490318779
0.84 0.0269929790327
0.85 0.0271369599239
0.86 0.027280964286
0.87 0.0274249823426
0.88 0.027569004786
0.89 0.0277130227584
0.9 0.0278570278335
0.91 0.0280010119985
0.92 0.0281449676375
0.93 0.0282888875151
0.94 0.0284327647611
0.95 0.0285765928555
0.96 0.0287203656139
0.97 0.0288640771742
0.98 0.0290077219834
0.99 0.0291512947847
1.0 0.029294790606
1.01 0.0294382047477
1.02 0.0295815327719
1.03 0.0297247704919
1.04 0.0298679139616
1.05 0.030010959466
1.06 0.030153903512
1.07 0.0302967428188
1.08 0.03043947431
1.09 0.0305820951047
1.1 0.0307246025099
1.11 0.0308669940132
1.12 0.0310092672746
1.13 0.0311514201205
1.14 0.0312934505364
1.15 0.0314353566608
1.16 0.0315771367787
1.17 0.0317187893162
1.18 0.0318603128343
1.19 0.0320017060238
1.2 0.0321429677002
1.21 0.0322840967982
1.22 0.0324250923677
1.23 0.0325659535685
1.24 0.0327066796663
1.25 0.0328472700284
1.26 0.0329877241197
1.27 0.0331280414989
1.28 0.0332682218145
1.29 0.0334082648016
1.3 0.0335481702785
1.31 0.033687938143
1.32 0.0338275683701
1.33 0.033967061008
1.34 0.034106416176
1.35 0.0342456340616
1.36 0.0343847149177
1.37 0.0345236590601
1.38 0.0346624668654
1.39 0.0348011387682
1.4 0.0349396752595
1.41 0.035078076884
1.42 0.0352163442386
1.43 0.03535447797
1.44 0.0354924787731
1.45 0.0356303473895
1.46 0.0357680846052
1.47 0.0359056912495
1.48 0.0360431681932
1.49 0.0361805163472
1.5 0.0363177366613
1.51 0.0364548301223
1.52 0.0365917977535
1.53 0.0367286406127
1.54 0.0368653597916
1.55 0.0370019564145
1.56 0.0371384316371
1.57 0.0372747866457
1.58 0.0374110226561
1.59 0.037547140913
1.6 0.0376831426885
1.61 0.0378190292819
1.62 0.0379548020186
1.63 0.0380904622496
1.64 0.0382260113504
1.65 0.0383614507207
1.66 0.0384967817837
1.67 0.0386320059852
1.68 0.0387671247936
1.69 0.0389021396987
1.7 0.039037052212
1.71 0.0391718638654
1.72 0.0393065762114
1.73 0.0394411908222
1.74 0.0395757092898
1.75 0.0397101332253
1.76 0.0398444642586
1.77 0.0399787040384
1.78 0.0401128542314
1.79 0.0402469165224
1.8 0.0403808926141
1.81 0.0405147842266
1.82 0.0406485930976
1.83 0.0407823209818
1.84 0.040915969651
1.85 0.041049540894
1.86 0.0411830365162
1.87 0.0413164583399
1.88 0.0414498082039
1.89 0.0415830879635
1.9 0.0417162994908
1.91 0.041849444674
1.92 0.0419825254181
1.93 0.0421155436443
1.94 0.0422485012904
1.95 0.0423814003108
1.96 0.0425142426763
1.97 0.0426470303745
1.98 0.0427797654097
1.99 0.0429124498028
2.0 0.0430450855919
2.01 0.0431776748318
2.02 0.0433102195948
2.03 0.0434427219703
2.04 0.0435751840651
2.05 0.0437076080039
2.06 0.0438399959288
2.07 0.0439723500004
2.08 0.0441046723972
2.09 0.0442369653162
2.1 0.0443692309731
2.11 0.0445014716025
2.12 0.0446336894584
2.13 0.0447658868138
2.14 0.044898065962
2.15 0.0450302292158
2.16 0.0451623789087
2.17 0.0452945173948
2.18 0.0454266470491
2.19 0.045558770268
2.2 0.0456908894696
2.21 0.045823007094
2.22 0.0459551256039
2.23 0.0460872474847
2.24 0.0462193752451
2.25 0.0463515114175
2.26 0.0464836585584
2.27 0.0466158192489
2.28 0.046747996095
2.29 0.0468801917283
2.3 0.0470124088063
2.31 0.047144650013
2.32 0.0472769180595
2.33 0.0474092156842
2.34 0.0475415456538
2.35 0.0476739107634
2.36 0.0478063138376
2.37 0.0479387577305
2.38 0.0480712453268
2.39 0.048203779542
2.4 0.0483363633235
2.41 0.0484689996509
2.42 0.0486016915366
2.43 0.0487344420271
2.44 0.0488672542028
2.45 0.0490001311796
2.46 0.0491330761089
2.47 0.0492660921789
2.48 0.0493991826152
2.49 0.0495323506814
2.5 0.0496655996804
2.51 0.0497989329548
2.52 0.0499323538877
2.53 0.0500658659042
2.54 0.0501994724717
2.55 0.0503331771009
2.56 0.0504669833473
2.57 0.0506008948115
2.58 0.0507349151404
2.59 0.0508690480286
2.6 0.0510032972191
2.61 0.0511376665043
2.62 0.0512721597275
2.63 0.0514067807838
2.64 0.0515415336212
2.65 0.0516764222419
2.66 0.0518114507039
2.67 0.0519466231215
2.68 0.0520819436672
2.69 0.052217416573
2.7 0.0523530461315
2.71 0.0524888366976
2.72 0.0526247926897
2.73 0.0527609185914
2.74 0.052897218953
2.75 0.053033698393
2.76 0.0531703615998
2.77 0.0533072133332
2.78 0.0534442584264
2.79 0.0535815017876
2.8 0.0537189484017
2.81 0.0538566033326
2.82 0.0539944717244
2.83 0.0541325588042
2.84 0.0542708698836
2.85 0.0544094103607
2.86 0.0545481857228
2.87 0.0546872015483
2.88 0.0548264635089
2.89 0.054965977372
2.9 0.0551057490033
2.91 0.0552457843692
2.92 0.0553860895395
2.93 0.0555266706898
2.94 0.0556675341044
2.95 0.0558086861791
2.96 0.0559501334244
2.97 0.056091882468
2.98 0.0562339400584
2.99 0.0563763130677
