# Compound strictosidineaglycone

0.0 1.92103872067
0.01 1.87476581203
0.02 1.77212056694
0.03 1.69054078975
0.04 1.62279043735
0.05 1.56178839366
0.06 1.50518061796
0.07 1.45212169754
0.08 1.40232679107
0.09 1.35546877425
0.1 1.3115848245
0.11 1.26928303015
0.12 1.23028148814
0.13 1.196993159
0.14 1.16741338773
0.15 1.14043329478
0.16 1.11542875636
0.17 1.0920309007
0.18 1.07000561124
0.19 1.04919159289
0.2 1.02946861516
0.21 1.01074106686
0.22 0.992929250907
0.23 0.975964603663
0.24 0.959786923362
0.25 0.944342646198
0.26 0.929583686548
0.27 0.915466596543
0.28 0.901951919222
0.29 0.889003668833
0.3 0.876588901479
0.31 0.864677354226
0.32 0.853241138575
0.33 0.842254478318
0.34 0.831693484287
0.35 0.821535960032
0.36 0.811761233565
0.37 0.802350011153
0.38 0.79328424977
0.39 0.784547045416
0.4 0.776122534923
0.41 0.767995809273
0.42 0.760152836766
0.43 0.75258039464
0.44 0.74526600798
0.45 0.73819789491
0.46 0.731364917262
0.47 0.724756535989
0.48 0.718362770752
0.49 0.71217416315
0.5 0.706181743178
0.51 0.700376998522
0.52 0.694751846399
0.53 0.689298607633
0.54 0.68400998276
0.55 0.678879029931
0.56 0.673899144453
0.57 0.669064039789
0.58 0.664367729899
0.59 0.659804512783
0.6 0.65536895513
0.61 0.65105587797
0.62 0.646860343252
0.63 0.642777641258
0.64 0.638803278803
0.65 0.634932968147
0.66 0.631162616569
0.67 0.627488316558
0.68 0.623906336562
0.69 0.620413112274
0.7 0.617005238403
0.71 0.613679460903
0.72 0.610432669631
0.73 0.607261891397
0.74 0.604164283394
0.75 0.601137126973
0.76 0.598177821744
0.77 0.595283879988
0.78 0.592452921356
0.79 0.589682667837
0.8 0.58697093899
0.81 0.584315647403
0.82 0.581714794396
0.83 0.579166465924
0.84 0.57666882869
0.85 0.574220126449
0.86 0.571818676492
0.87 0.5694628663
0.88 0.56715115036
0.89 0.56488204714
0.9 0.562654136203
0.91 0.56046605546
0.92 0.558316498558
0.93 0.556204212386
0.94 0.554127994706
0.95 0.55208669189
0.96 0.550079196765
0.97 0.54810444656
0.98 0.546161420949
0.99 0.544249140183
