# Compound Alpha,alpha-trehalose6-phosphate

0.0 6.99025333358
0.01 7.05288048306
0.02 7.20874621204
0.03 7.33291758871
0.04 7.43514347888
0.05 7.5268091343
0.06 7.61182417845
0.07 7.69151301859
0.08 7.76659016751
0.09 7.83643744279
0.1 7.90036333483
0.11 7.94010118032
0.12 8.01801001932
0.13 8.0883405952
0.14 8.15295403002
0.15 8.21354943541
0.16 8.27134782905
0.17 8.32717622103
0.18 8.381588733
0.19 8.43495951304
0.2 8.48754544597
0.21 8.53952677708
0.22 8.59103306806
0.23 8.64215974665
0.24 8.6929787135
0.25 8.74354521862
0.26 8.79390239775
0.27 8.84408433441
0.28 8.89411818352
0.29 8.94402568824
0.3 8.99382429548
0.31 9.04352799887
0.32 9.09314799081
0.33 9.14269317673
0.34 9.1921705866
0.35 9.24158570812
0.36 9.29094275873
0.37 9.34024490894
0.38 9.38949446671
0.39 9.43869302995
0.4 9.48784161312
0.41 9.53694075245
0.42 9.58599059358
0.43 9.63499096456
0.44 9.68394143675
0.45 9.73284137568
0.46 9.78168998351
0.47 9.83048633447
0.48 9.87922940447
0.49 9.92791809583
0.5 9.9765512579
0.51 10.0251277042
0.52 10.0736462267
0.53 10.1221056078
0.54 10.17050463
0.55 10.218842084
0.56 10.2671167753
0.57 10.3153275301
0.58 10.3634731987
0.59 10.4115526602
0.6 10.4595648242
0.61 10.5075086337
0.62 10.5553830667
0.63 10.6031871367
0.64 10.6509198945
0.65 10.6985804282
0.66 10.7461678633
0.67 10.7936813633
0.68 10.8411201292
0.69 10.888483399
0.7 10.9357704481
0.71 10.9829805878
0.72 11.0301131654
0.73 11.0771675634
0.74 11.1241431986
0.75 11.1710395215
0.76 11.2178560155
0.77 11.2645921959
0.78 11.3112476095
0.79 11.3578218333
0.8 11.4043144739
0.81 11.4507251667
0.82 11.4970535747
0.83 11.5432993882
0.84 11.5894623233
0.85 11.6355421219
0.86 11.68153855
0.87 11.7274513974
0.88 11.773280477
0.89 11.8190256236
0.9 11.8646866934
0.91 11.9102635633
0.92 11.95575613
0.93 12.0011643093
0.94 12.0464880355
0.95 12.0917272606
0.96 12.1368819538
0.97 12.1819521005
0.98 12.2269377021
0.99 12.271838775
