# Compound D-fructose6-phosphate

0.0 8.46788974653
0.01 8.40666846755
0.02 8.46358476566
0.03 8.52405753437
0.04 8.58779423207
0.05 8.65204339241
0.06 8.71163874889
0.07 8.77660364675
0.08 8.81331864409
0.09 8.83546743235
0.1 8.77188433035
0.11 5.68832075235
0.12 6.96992576368
0.13 7.88830675391
0.14 8.57383507689
0.15 9.09665618332
0.16 9.5005481051
0.17 9.81528225253
0.18 10.0621210335
0.19 10.2567026984
0.2 10.4107506908
0.21 10.5331720214
0.22 10.6308013747
0.23 10.7089235241
0.24 10.7716495624
0.25 10.8221930976
0.26 10.8630760764
0.27 10.8962840235
0.28 10.9233842862
0.29 10.9456168282
0.3 10.9639644151
0.31 10.9792071691
0.32 10.9919651694
0.33 11.0027318463
0.34 11.0119002405
0.35 11.0197837074
0.36 11.0266322774
0.37 11.0326456074
0.38 11.0379832492
0.39 11.0427728019
0.4 11.0471163899
0.41 11.0510958171
0.42 11.0547766691
0.43 11.0582115817
0.44 11.0614428451
0.45 11.0645044818
0.46 11.0674239034
0.47 11.0702232332
0.48 11.072920362
0.49 11.0755297913
0.5 11.0780633069
0.51 11.0805305167
0.52 11.0829392814
0.53 11.0852960578
0.54 11.0876061741
0.55 11.0898740494
0.56 11.0921033702
0.57 11.0942972309
0.58 11.0964582466
0.59 11.0985886435
0.6 11.1006903313
0.61 11.1027649613
0.62 11.1048139732
0.63 11.1068386321
0.64 11.1088400592
0.65 11.1108192559
0.66 11.112777123
0.67 11.1147144773
0.68 11.1166320638
0.69 11.1185305665
0.7 11.1204106168
0.71 11.1222728003
0.72 11.1241176629
0.73 11.1259457153
0.74 11.127757437
0.75 11.1295532794
0.76 11.1313336689
0.77 11.1330990088
0.78 11.1348496819
0.79 11.1365860515
0.8 11.1383084636
0.81 11.1400172477
0.82 11.141712718
0.83 11.1433951747
0.84 11.1450649048
0.85 11.1467221827
0.86 11.1483672712
0.87 11.150000422
0.88 11.1516218767
0.89 11.1532318669
0.9 11.1548306149
0.91 11.1564183343
0.92 11.1579952305
0.93 11.1595615008
0.94 11.1611173352
0.95 11.1626629166
0.96 11.1641984212
0.97 11.1657240187
0.98 11.1672398727
0.99 11.1687461413
