# Compound lipopolysaccharide

0.0 0.678926966665
0.01 0.491798036737
0.02 0.601019596514
0.03 0.66572305494
0.04 0.669632098544
0.05 0.584346825048
0.06 2.81760902139
0.07 1.7409511353
0.08 4.09101390243
0.09 1.49150872828
0.1 5.25959912744
0.11 7.00591999689
0.12 4.28514017812
0.13 3.34596419493
0.14 3.01471085848
0.15 2.90150175443
0.16 2.87000443728
0.17 2.87016731199
0.18 2.88260676986
0.19 2.89937696118
0.2 2.91705905759
0.21 2.93415675568
0.22 2.95005070091
0.23 2.96454433123
0.24 2.97764919865
0.25 2.98947574572
0.26 3.00017502818
0.27 3.00990720581
0.28 3.01882497401
0.29 3.02706560024
0.3 3.03474793179
0.31 3.0419722043
0.32 3.04882133433
0.33 3.05536290015
0.34 3.06165134114
0.35 3.06773011056
0.36 3.07363364413
0.37 3.07938908442
0.38 3.08501774695
0.39 3.09053633936
0.4 3.09595795793
0.41 3.10129289056
0.42 3.10654925642
0.43 3.11173351002
0.44 3.11685083497
0.45 3.12190544894
0.46 3.12690083798
0.47 3.13183993522
0.48 3.13672525617
0.49 3.14155900039
0.5 3.14634312737
0.51 3.15107941272
0.52 3.15576948948
0.53 3.16041487826
0.54 3.16501700909
0.55 3.16957723707
0.56 3.17409685366
0.57 3.1785770946
0.58 3.18301914554
0.59 3.18742414615
0.6 3.19179319293
0.61 3.19612734136
0.62 3.20042760755
0.63 3.20469496952
0.64 3.2089303683
0.65 3.21313470893
0.66 3.21730886142
0.67 3.22145366169
0.68 3.22556991248
0.69 3.22965838435
0.7 3.23371981658
0.71 3.23775491827
0.72 3.24176436925
0.73 3.24574882116
0.74 3.24970889846
0.75 3.25364519945
0.76 3.25755829729
0.77 3.26144874103
0.78 3.26531705657
0.79 3.26916374767
0.8 3.27298929688
0.81 3.27679416648
0.82 3.28057879937
0.83 3.28434361995
0.84 3.288089035
0.85 3.29181543441
0.86 3.29552319207
0.87 3.29921266651
0.88 3.30288420173
0.89 3.30653812782
0.9 3.31017476164
0.91 3.31379440747
0.92 3.3173973576
0.93 3.3209838929
0.94 3.32455428338
0.95 3.32810878873
0.96 3.33164765877
0.97 3.33517113398
0.98 3.33867944593
0.99 3.34217281768
