# Compound {(1,4)-beta-D-glucosyl}(N-1)

0.0 0.295840418822
0.01 0.406609501797
0.02 0.493671950435
0.03 0.562535701234
0.04 0.618123718577
0.05 0.66343740071
0.06 0.700110043027
0.07 0.729281490745
0.08 0.751516644519
0.09 0.766930783227
0.1 0.775529882976
0.11 0.775619495203
0.12 0.76403021122
0.13 0.755394734202
0.14 0.748928612449
0.15 0.744039373411
0.16 0.740276718738
0.17 0.737316535285
0.18 0.734934608618
0.19 0.732978966096
0.2 0.731347133886
0.21 0.729969540564
0.22 0.728798144377
0.23 0.72779890772
0.24 0.726946915468
0.25 0.726223243553
0.26 0.725612961666
0.27 0.725103861543
0.28 0.724685645848
0.29 0.724349408003
0.3 0.72408729523
0.31 0.723892286808
0.32 0.72375804472
0.33 0.723678809914
0.34 0.723649327386
0.35 0.723664789662
0.36 0.723720792184
0.37 0.72381329658
0.38 0.723938599322
0.39 0.724093304237
0.4 0.724274297895
0.41 0.724478727275
0.42 0.724703979319
0.43 0.724947662111
0.44 0.725207587496
0.45 0.725481755017
0.46 0.72576833704
0.47 0.726065665006
0.48 0.726372216711
0.49 0.726686604545
0.5 0.727007564636
0.51 0.727333946825
0.52 0.727664705415
0.53 0.727998890644
0.54 0.728335640832
0.55 0.728674175141
0.56 0.729013786914
0.57 0.729353837546
0.58 0.729693750843
0.59 0.730033007842
0.6 0.730371142041
0.61 0.730707735022
0.62 0.731042412426
0.63 0.731374840254
0.64 0.731704721477
0.65 0.732031792915
0.66 0.732355822375
0.67 0.732676606024
0.68 0.732993965975
0.69 0.733307748073
0.7 0.733617819861
0.71 0.733924068714
0.72 0.734226400125
0.73 0.734524736132
0.74 0.734819013872
0.75 0.735109184257
0.76 0.735395210754
0.77 0.735677068268
0.78 0.735954742112
0.79 0.736228227064
0.8 0.736497526499
0.81 0.736762651591
0.82 0.737023620582
0.83 0.737280458106
0.84 0.737533194569
0.85 0.737781865582
0.86 0.738026511431
0.87 0.7382671766
0.88 0.738503909325
0.89 0.738736761185
0.9 0.738965786724
0.91 0.739191043111
0.92 0.739412589812
0.93 0.739630488304
0.94 0.739844801804
0.95 0.740055595016
0.96 0.740262933905
0.97 0.740466885487
0.98 0.740667517632
0.99 0.740864898891
