# Compound D-glucosealpha-1-phosphate

0.0 3.31311064422
0.01 4.07143931471
0.02 4.12767967614
0.03 4.30763365869
0.04 4.51114258891
0.05 4.71361915418
0.06 4.90773080429
0.07 5.09164068027
0.08 5.26543612196
0.09 5.42967210585
0.1 5.58504506198
0.11 5.73131893842
0.12 5.87247595882
0.13 6.00298906117
0.14 6.12328770717
0.15 6.23460267291
0.16 6.33815642193
0.17 6.43495198794
0.18 6.52576846099
0.19 6.61120957019
0.2 6.69175356959
0.21 6.76779134546
0.22 6.83965252265
0.23 6.90762253748
0.24 6.971953659
0.25 7.03287218026
0.26 7.09058325007
0.27 7.14527426017
0.28 7.19711733687
0.29 7.24627126149
0.3 7.29288301028
0.31 7.33708902708
0.32 7.37901629847
0.33 7.4187832756
0.34 7.45650067296
0.35 7.49227216558
0.36 7.52619500105
0.37 7.55836053931
0.38 7.58885473067
0.39 7.61775854094
0.4 7.6451483308
0.41 7.6710961958
0.42 7.69567027206
0.43 7.71893501223
0.44 7.74095143547
0.45 7.76177735461
0.46 7.78146758336
0.47 7.8000741257
0.48 7.81764634978
0.49 7.83423114776
0.5 7.84987308322
0.51 7.86461452744
0.52 7.87849578562
0.53 7.89155521403
0.54 7.90382932896
0.55 7.91535290821
0.56 7.92615908574
0.57 7.93627944018
0.58 7.94574407754
0.59 7.95458170878
0.6 7.96281972253
0.61 7.9704842533
0.62 7.9776002457
0.63 7.98419151473
0.64 7.99028080263
0.65 7.99588983239
0.66 8.00103935823
0.67 8.00574921319
0.68 8.01003835417
0.69 8.01392490431
0.7 8.01742619323
0.71 8.02055879496
0.72 8.02333856392
0.73 8.02578066892
0.74 8.02789962541
0.75 8.029709326
0.76 8.03122306947
0.77 8.03245358816
0.78 8.03341307411
0.79 8.03411320374
0.8 8.03456516132
0.81 8.03477966134
0.82 8.03476696962
0.83 8.03453692352
0.84 8.03409895104
0.85 8.03346208905
0.86 8.03263500061
0.87 8.03162599145
0.88 8.03044302563
0.89 8.02909374055
0.9 8.02758546106
0.91 8.02592521313
0.92 8.02411973665
0.93 8.02217549779
0.94 8.0200987007
0.95 8.01789529873
0.96 8.01557100503
0.97 8.01313130274
0.98 8.01058145472
0.99 8.00792651279
