# Compound D-mannosylglycoprotein

0.0 4.48290269804
0.01 5.24123136852
0.02 5.29747172996
0.03 5.4774257125
0.04 5.68093464272
0.05 5.88341120799
0.06 6.0775228581
0.07 6.26143273409
0.08 6.43522817578
0.09 6.59946415966
0.1 6.7548371158
0.11 6.90111099224
0.12 7.04226801264
0.13 7.17278111498
0.14 7.29307976098
0.15 7.40439472672
0.16 7.50794847575
0.17 7.60474404175
0.18 7.6955605148
0.19 7.781001624
0.2 7.8615456234
0.21 7.93758339928
0.22 8.00944457646
0.23 8.07741459129
0.24 8.14174571282
0.25 8.20266423407
0.26 8.26037530388
0.27 8.31506631399
0.28 8.36690939068
0.29 8.4160633153
0.3 8.46267506409
0.31 8.5068810809
0.32 8.54880835229
0.33 8.58857532941
0.34 8.62629272677
0.35 8.66206421939
0.36 8.69598705487
0.37 8.72815259312
0.38 8.75864678448
0.39 8.78755059475
0.4 8.81494038461
0.41 8.84088824961
0.42 8.86546232587
0.43 8.88872706604
0.44 8.91074348928
0.45 8.93156940843
0.46 8.95125963717
0.47 8.96986617951
0.48 8.98743840359
0.49 9.00402320157
0.5 9.01966513704
0.51 9.03440658126
0.52 9.04828783944
0.53 9.06134726784
0.54 9.07362138278
0.55 9.08514496202
0.56 9.09595113955
0.57 9.10607149399
0.58 9.11553613135
0.59 9.1243737626
0.6 9.13261177634
0.61 9.14027630712
0.62 9.14739229951
0.63 9.15398356854
0.64 9.16007285644
0.65 9.16568188621
0.66 9.17083141204
0.67 9.17554126701
0.68 9.17983040798
0.69 9.18371695812
0.7 9.18721824704
0.71 9.19035084877
0.72 9.19313061774
0.73 9.19557272274
0.74 9.19769167922
0.75 9.19950137982
0.76 9.20101512328
0.77 9.20224564197
0.78 9.20320512793
0.79 9.20390525755
0.8 9.20435721514
0.81 9.20457171515
0.82 9.20455902344
0.83 9.20432897734
0.84 9.20389100486
0.85 9.20325414287
0.86 9.20242705443
0.87 9.20141804526
0.88 9.20023507945
0.89 9.19888579436
0.9 9.19737751488
0.91 9.19571726694
0.92 9.19391179046
0.93 9.1919675516
0.94 9.18989075452
0.95 9.18768735255
0.96 9.18536305884
0.97 9.18292335655
0.98 9.18037350854
0.99 9.1777185666
