# Compound anN-D-glucosylarylamine

0.0 8.39590543071
0.01 8.72981867215
0.02 8.77575640867
0.03 8.83697790518
0.04 8.91663327947
0.05 9.02270305153
0.06 9.1685793852
0.07 9.32337205169
0.08 9.56934669908
0.09 9.85909814029
0.1 7.96072149384
0.11 7.29043823953
0.12 7.5082781048
0.13 7.70848797828
0.14 7.86467656574
0.15 7.97860041901
0.16 8.05865236924
0.17 8.11338277934
0.18 8.14980227897
0.19 8.17321020452
0.2 8.18745952507
0.21 8.19529380442
0.22 8.19864393644
0.23 8.19886023596
0.24 8.19688427731
0.25 8.19337238242
0.26 8.18878280002
0.27 8.18343657167
0.28 8.17755972909
0.29 8.17131242354
0.3 8.16480898854
0.31 8.15813174865
0.32 8.15134053055
0.33 8.14447922726
0.34 8.13758034364
0.35 8.13066815881
0.36 8.12376093986
0.37 8.11687250353
0.38 8.11001332834
0.39 8.10319135525
0.4 8.09641257146
0.41 8.08968144202
0.42 8.08300123375
0.43 8.07637426201
0.44 8.06980208156
0.45 8.06328563641
0.46 8.05682537893
0.47 8.05042136568
0.48 8.04407333524
0.49 8.03778077199
0.5 8.0315429586
0.51 8.02535901945
0.52 8.0192279567
0.53 8.01314868019
0.54 8.00712003233
0.55 8.00114080869
0.56 7.99520977507
0.57 7.98932568158
0.58 7.98348727418
0.59 7.97769330405
0.6 7.97194253529
0.61 7.96623375092
0.62 7.96056575778
0.63 7.95493739023
0.64 7.94934751301
0.65 7.94379502335
0.66 7.93827885241
0.67 7.93279796625
0.68 7.92735136632
0.69 7.92193808966
0.7 7.91655720872
0.71 7.91120783102
0.72 7.90588909864
0.73 7.90060018745
0.74 7.89534030635
0.75 7.89010869632
0.76 7.88490462953
0.77 7.87972740824
0.78 7.8745763638
0.79 7.86945085562
0.8 7.86435027004
0.81 7.85927401932
0.82 7.85422154057
0.83 7.84919229472
0.84 7.84418576549
0.85 7.83920145846
0.86 7.83423890001
0.87 7.82929763649
0.88 7.82437723325
0.89 7.8194772738
0.9 7.81459735896
0.91 7.80973710608
0.92 7.80489614823
0.93 7.80007413348
0.94 7.79527072419
0.95 7.79048559635
0.96 7.78571843889
0.97 7.78096895309
0.98 7.77623685199
0.99 7.77152185983
