# Compound 1F-beta-D-fructosylsucrose

0.0 2.99013268392
0.01 2.92154948598
0.02 2.85463842031
0.03 2.82685363514
0.04 2.81198321237
0.05 2.80388364862
0.06 2.80006266576
0.07 2.79938814564
0.08 2.8011945267
0.09 2.80515225638
0.1 2.81133994653
0.11 2.82333631612
0.12 2.8507568578
0.13 2.87635602373
0.14 2.90000525938
0.15 2.92165610042
0.16 2.94136353086
0.17 2.95924734144
0.18 2.97545569825
0.19 2.9901414495
0.2 3.00344926342
0.21 3.01550992357
0.22 3.0264387945
0.23 3.03633645832
0.24 3.04529031145
0.25 3.05337644565
0.26 3.06066146977
0.27 3.06720412176
0.28 3.07305662586
0.29 3.0782658021
0.3 3.08287395766
0.31 3.08691959667
0.32 3.09043798337
0.33 3.09346158983
0.34 3.09602045339
0.35 3.09814246456
0.36 3.09985360114
0.37 3.101178121
0.38 3.10213872289
0.39 3.10275668238
0.4 3.10305196843
0.41 3.10304334455
0.42 3.10274845778
0.43 3.1021839177
0.44 3.10136536738
0.45 3.10030754754
0.46 3.09902435502
0.47 3.09752889642
0.48 3.09583353746
0.49 3.09394994868
0.5 3.09188914778
0.51 3.0896615391
0.52 3.08727695031
0.53 3.08474466677
0.54 3.08207346354
0.55 3.07927163545
0.56 3.07634702516
0.57 3.07330704949
0.58 3.07015872408
0.59 3.06690868656
0.6 3.06356321826
0.61 3.0601282645
0.62 3.05660945379
0.63 3.05301211567
0.64 3.04934129762
0.65 3.04560178079
0.66 3.0417980949
0.67 3.03793453212
0.68 3.0340151602
0.69 3.03004383475
0.7 3.02602421077
0.71 3.02195975356
0.72 3.0178537489
0.73 3.01370931265
0.74 3.00952939983
0.75 3.00531681305
0.76 3.00107421058
0.77 2.99680411385
0.78 2.99250891457
0.79 2.98819088142
0.8 2.98385216635
0.81 2.97949481054
0.82 2.97512075
0.83 2.97073182093
0.84 2.96632976463
0.85 2.96191623233
0.86 2.9574927896
0.87 2.95306092061
0.88 2.94862203213
0.89 2.94417745731
0.9 2.93972845927
0.91 2.93527623452
0.92 2.93082191616
0.93 2.92636657696
0.94 2.92191123224
0.95 2.91745684264
0.96 2.91300431673
0.97 2.90855451349
0.98 2.90410824468
0.99 2.89966627708
