# Compound 13-hydroxydocosanoate

0.0 8.97794179807
0.01 8.36435686473
0.02 8.26588408196
0.03 8.13679982267
0.04 7.97015705886
0.05 7.74923667766
0.06 7.44523159448
0.07 7.11409841378
0.08 6.58731588367
0.09 5.94393109753
0.1 4.86722698247
0.11 9.51903823411
0.12 9.64290338019
0.13 9.6139793937
0.14 9.53888521774
0.15 9.45728835071
0.16 9.38385612327
0.17 9.32322337382
0.18 9.27587117783
0.19 9.24061501504
0.2 9.21571194768
0.21 9.19935944615
0.22 9.18990951751
0.23 9.18594529373
0.24 9.18629158864
0.25 9.18999563118
0.26 9.19629651559
0.27 9.20459265301
0.28 9.2144115648
0.29 9.22538373236
0.3 9.23722086876
0.31 9.24969833271
0.32 9.26264114216
0.33 9.27591298088
0.34 9.28940762454
0.35 9.3030422857
0.36 9.31675246119
0.37 9.33048794574
0.38 9.34420974557
0.39 9.35788768439
0.4 9.37149854137
0.41 9.38502459791
0.42 9.39845249905
0.43 9.41177235754
0.44 9.42497704596
0.45 9.43806163488
0.46 9.4510229451
0.47 9.46385918947
0.48 9.47656968523
0.49 9.48915462237
0.5 9.5016148766
0.51 9.51395185794
0.52 9.52616738802
0.53 9.53826360063
0.54 9.55024286088
0.55 9.56210769982
0.56 9.57386076131
0.57 9.58550475929
0.58 9.59704244315
0.59 9.60847657014
0.6 9.6198098833
0.61 9.63104509399
0.62 9.64218486829
0.63 9.65323181645
0.64 9.66418848497
0.65 9.6750573507
0.66 9.68584081675
0.67 9.69654120972
0.68 9.70716077813
0.69 9.71770169179
0.7 9.72816604181
0.71 9.73855584134
0.72 9.74887302674
0.73 9.75911945902
0.74 9.76929692573
0.75 9.77940714294
0.76 9.78945175744
0.77 9.79943234901
0.78 9.80935043277
0.79 9.8192074616
0.8 9.82900482854
0.81 9.83874386915
0.82 9.84842586394
0.83 9.85805204063
0.84 9.86762357649
0.85 9.87714160052
0.86 9.88660719563
0.87 9.8960214007
0.88 9.90538521262
0.89 9.91469958822
0.9 9.92396544613
0.91 9.9331836686
0.92 9.94235510315
0.93 9.95148056431
0.94 9.96056083509
0.95 9.96959666857
0.96 9.97858878925
0.97 9.98753789448
0.98 9.99644465573
0.99 10.0053097198
