# Compound 6-phospho-beta-D-glucoside-(1,4)-D-glucose

0.0 4.64950257799
0.01 4.39493795977
0.02 4.40066971157
0.03 4.35755398795
0.04 4.29896113904
0.05 4.23562214668
0.06 4.17133131514
0.07 4.10748760989
0.08 4.04458627803
0.09 3.98259954781
0.1 3.92141088
0.11 3.85831795602
0.12 3.80282449857
0.13 3.75013569898
0.14 3.70004783066
0.15 3.65220538187
0.16 3.60628695741
0.17 3.56204693557
0.18 3.51930697945
0.19 3.47793695238
0.2 3.43783825728
0.21 3.39893220376
0.22 3.36115269535
0.23 3.32444190069
0.24 3.28874777665
0.25 3.25402266584
0.26 3.22022248724
0.27 3.18730624164
0.28 3.15523567968
0.29 3.12397505259
0.3 3.09349090609
0.31 3.06375189889
0.32 3.03472863745
0.33 3.00639352366
0.34 2.97872061421
0.35 2.95168549089
0.36 2.92526514152
0.37 2.89943785088
0.38 2.87418310116
0.39 2.84948148123
0.4 2.825314604
0.41 2.80166503116
0.42 2.77851620473
0.43 2.75585238464
0.44 2.73365859176
0.45 2.71192055601
0.46 2.69062466875
0.47 2.66975793935
0.48 2.64930795528
0.49 2.6292628455
0.5 2.60961124678
0.51 2.59034227275
0.52 2.57144548529
0.53 2.55291086814
0.54 2.53472880259
0.55 2.51689004482
0.56 2.49938570507
0.57 2.48220722821
0.58 2.4653463757
0.59 2.44879520887
0.6 2.4325460733
0.61 2.41659158429
0.62 2.40092461331
0.63 2.38553827532
0.64 2.37042591693
0.65 2.35558110532
0.66 2.3409976179
0.67 2.32666943252
0.68 2.3125907184
0.69 2.29875582752
0.7 2.28515928657
0.71 2.27179578936
0.72 2.25866018967
0.73 2.24574749453
0.74 2.23305285788
0.75 2.22057157452
0.76 2.20829907449
0.77 2.19623091769
0.78 2.18436278882
0.79 2.17269049255
0.8 2.16120994896
0.81 2.14991718928
0.82 2.13880835169
0.83 2.12787967751
0.84 2.11712750742
0.85 2.10654827798
0.86 2.09613851827
0.87 2.08589484666
0.88 2.07581396778
0.89 2.0658926696
0.9 2.05612782065
0.91 2.04651636738
0.92 2.03705533161
0.93 2.0277418081
0.94 2.01857296221
0.95 2.00954602772
0.96 2.00065830465
0.97 1.99190715725
0.98 1.98329001201
0.99 1.97480435579
