# Compound {(1,4)-alpha-D-glucosyl}(N-1)

0.0 4.60658125068
0.01 4.58002633659
0.02 4.55782032255
0.03 4.52881621573
0.04 4.49537130701
0.05 4.45985088042
0.06 4.42350605353
0.07 4.38720311114
0.08 4.35089955959
0.09 4.31425563337
0.1 4.27649739057
0.11 4.23466459943
0.12 4.18935150739
0.13 4.14390615445
0.14 4.10405429729
0.15 4.07145196548
0.16 4.04590093631
0.17 4.02651426094
0.18 4.01225585605
0.19 4.00216078556
0.2 3.99540631536
0.21 3.99131901597
0.22 3.98935803177
0.23 3.9890922235
0.24 3.9901782916
0.25 3.99234221573
0.26 3.9953643422
0.27 3.9990677114
0.28 4.00330902523
0.29 4.00797167874
0.3 4.01296037334
0.31 4.01819693206
0.32 4.02361702695
0.33 4.02916760092
0.34 4.03480482126
0.35 4.0404924431
0.36 4.04620049153
0.37 4.05190419355
0.38 4.05758310729
0.39 4.06322040823
0.4 4.06880230136
0.41 4.07431753485
0.42 4.07975699612
0.43 4.08511337521
0.44 4.09038088311
0.45 4.0955550156
0.46 4.10063235448
0.47 4.10561039996
0.48 4.1104874289
0.49 4.11526237472
0.5 4.11993472533
0.51 4.12450443635
0.52 4.12897185711
0.53 4.1333376674
0.54 4.1376028235
0.55 4.14176851182
0.56 4.14583610929
0.57 4.14980714927
0.58 4.15368329234
0.59 4.15746630113
0.6 4.16115801883
0.61 4.16476035051
0.62 4.16827524728
0.63 4.17170469256
0.64 4.17505069033
0.65 4.17831525508
0.66 4.18150040322
0.67 4.18460814575
0.68 4.18764048199
0.69 4.19059939433
0.7 4.19348684373
0.71 4.19630476604
0.72 4.19905506884
0.73 4.20173962891
0.74 4.20436029011
0.75 4.20691886173
0.76 4.20941711716
0.77 4.21185679287
0.78 4.21423958769
0.79 4.21656716227
0.8 4.21884113883
0.81 4.22106310097
0.82 4.22323459373
0.83 4.22535712374
0.84 4.22743215942
0.85 4.22946113141
0.86 4.23144543293
0.87 4.23338642029
0.88 4.23528541348
0.89 4.2371436967
0.9 4.23896251902
0.91 4.24074309504
0.92 4.24248660556
0.93 4.2441941983
0.94 4.24586698857
0.95 4.24750606002
0.96 4.24911246535
0.97 4.25068722704
0.98 4.25223133806
0.99 4.25374576261
