# Compound limonin

0.0 2.01535087956
0.01 1.96804342948
0.02 1.95080106384
0.03 1.93040490342
0.04 1.90634041428
0.05 1.87769746927
0.06 1.84306936956
0.07 1.80480039456
0.08 1.75623401097
0.09 1.70034309712
0.1 1.62723933977
0.11 1.37731657451
0.12 1.34693586177
0.13 1.31404915014
0.14 1.28108857414
0.15 1.24903053046
0.16 1.21830450542
0.17 1.18910583299
0.18 1.16151511016
0.19 1.13554974339
0.2 1.11118949245
0.21 1.0883908464
0.22 1.06709591303
0.23 1.04723824608
0.24 1.02874678783
0.25 1.0115485756
0.26 0.995570605407
0.27 0.980741107244
0.28 0.966990403566
0.29 0.954251469733
0.3 0.94246028019
0.31 0.931556000335
0.32 0.921481067515
0.33 0.912181192885
0.34 0.90360530748
0.35 0.895705469777
0.36 0.888436747523
0.37 0.881757083296
0.38 0.875627150785
0.39 0.870010206899
0.4 0.86487194343
0.41 0.86018034091
0.42 0.855905526517
0.43 0.852019637297
0.44 0.84849668948
0.45 0.845312454374
0.46 0.842444341043
0.47 0.839871285816
0.48 0.837573648526
0.49 0.835533115303
0.5 0.833732607671
0.51 0.832156197665
0.52 0.83078902867
0.53 0.829617241652
0.54 0.82862790647
0.55 0.827808957946
0.56 0.827149136394
0.57 0.82663793231
0.58 0.826265534937
0.59 0.826022784443
0.6 0.825901127461
0.61 0.825892575752
0.62 0.825989667769
0.63 0.826185432918
0.64 0.826473358322
0.65 0.826847357909
0.66 0.827301743658
0.67 0.82783119884
0.68 0.828430753132
0.69 0.829095759441
0.7 0.829821872337
0.71 0.830605027977
0.72 0.831441425401
0.73 0.832327509114
0.74 0.833259952867
0.75 0.834235644533
0.76 0.83525167202
0.77 0.836305310137
0.78 0.837394008352
0.79 0.838515379374
0.8 0.839667188501
0.81 0.840847343693
0.82 0.842053886301
0.83 0.843284982419
0.84 0.844538914815
0.85 0.845814075392
0.86 0.847108958159
0.87 0.848422152658
0.88 0.84975233783
0.89 0.851098276284
0.9 0.852458808945
0.91 0.853832850047
0.92 0.855219382461
0.93 0.856617453323
0.94 0.85802616995
0.95 0.859444696021
0.96 0.860872248001
0.97 0.862308091805
0.98 0.863751539673
0.99 0.865201947245
