# Compound N6-alkylaminopurine-7-beta-D-glucoside

0.0 1.33196005793
0.01 1.3934824743
0.02 1.38457542286
0.03 1.37811020415
0.04 1.37521813495
0.05 1.37871097957
0.06 1.39340706112
0.07 1.41191837026
0.08 1.46101435892
0.09 1.53015791797
0.1 1.67274943821
0.11 0.60164357845
0.12 0.671416662573
0.13 0.72934473169
0.14 0.773795333653
0.15 0.806757687389
0.16 0.830728179553
0.17 0.847894872615
0.18 0.859992731021
0.19 0.868345016376
0.2 0.873943288012
0.21 0.877523622298
0.22 0.879629276793
0.23 0.880659578785
0.24 0.880907191597
0.25 0.880586162159
0.26 0.879852847516
0.27 0.878821420214
0.28 0.8775752889
0.29 0.876175467102
0.3 0.874666679089
0.31 0.873081799091
0.32 0.871445070374
0.33 0.869774435646
0.34 0.86808322302
0.35 0.866381366238
0.36 0.864676289131
0.37 0.862973548409
0.38 0.861277302564
0.39 0.859590655636
0.4 0.857915910735
0.41 0.856254758328
0.42 0.854608417173
0.43 0.852977740713
0.44 0.851363298098
0.45 0.849765436454
0.46 0.848184329158
0.47 0.846620013587
0.48 0.845072420858
0.49 0.843541399428
0.5 0.842026733932
0.51 0.84052816029
0.52 0.83904537787
0.53 0.8375780593
0.54 0.836125858403
0.55 0.834688416601
0.56 0.83326536809
0.57 0.831856343996
0.58 0.830460975713
0.59 0.829078897558
0.6 0.827709748863
0.61 0.826353175611
0.62 0.825008831696
0.63 0.823676379858
0.64 0.822355492378
0.65 0.821045851548
0.66 0.819747149978
0.67 0.818459090756
0.68 0.817181387499
0.69 0.815913764311
0.7 0.814655955663
0.71 0.813407706224
0.72 0.812168770637
0.73 0.810938913269
0.74 0.809717907929
0.75 0.808505537571
0.76 0.807301593982
0.77 0.806105877464
0.78 0.804918196514
0.79 0.803738367496
0.8 0.802566214327
0.81 0.801401568157
0.82 0.800244267058
0.83 0.799094155726
0.84 0.797951085183
0.85 0.796814912491
0.86 0.795685500478
0.87 0.794562717472
0.88 0.793446437042
0.89 0.792336537754
0.9 0.791232902938
0.91 0.790135420456
0.92 0.78904398249
0.93 0.787958485336
0.94 0.786878829207
0.95 0.785804918041
0.96 0.78473665933
0.97 0.783673963943
0.98 0.782616745967
0.99 0.781564922553
