# Compound membrane-derived-oligosaccharide6-(glycerophospho)-D-glucose

0.0 4.68131565865
0.01 4.67207522364
0.02 4.66332712363
0.03 4.65504543943
0.04 4.64720558369
0.05 4.63978423592
0.06 4.63275928029
0.07 4.62610974611
0.08 4.61981575106
0.09 4.61385844689
0.1 4.60821996763
0.11 4.60288338015
0.12 4.59783263708
0.13 4.59305253189
0.14 4.5885286561
0.15 4.58424735856
0.16 4.58019570664
0.17 4.57636144937
0.18 4.57273298231
0.19 4.56929931415
0.2 4.56605003502
0.21 4.56297528629
0.22 4.56006573191
0.23 4.5573125312
0.24 4.55470731297
0.25 4.55224215101
0.26 4.5499095407
0.27 4.54770237698
0.28 4.54561393328
0.29 4.54363784164
0.3 4.54176807379
0.31 4.53999892327
0.32 4.53832498834
0.33 4.53674115595
0.34 4.53524258642
0.35 4.53382469894
0.36 4.53248315784
0.37 4.53121385959
0.38 4.53001292045
0.39 4.52887666476
0.4 4.52780161391
0.41 4.52678447578
0.42 4.52582213487
0.43 4.5249116428
0.44 4.52405020946
0.45 4.52323519453
0.46 4.52246409945
0.47 4.52173455987
0.48 4.52104433849
0.49 4.52039131822
0.5 4.51977349574
0.51 4.51918897546
0.52 4.5186359637
0.53 4.51811276325
0.54 4.51761776818
0.55 4.51714945895
0.56 4.5167063978
0.57 4.51628722432
0.58 4.51589065131
0.59 4.51551546089
0.6 4.5151605007
0.61 4.51482468045
0.62 4.51450696855
0.63 4.51420638896
0.64 4.5139220182
0.65 4.51365298255
0.66 4.51339845532
0.67 4.51315765438
0.68 4.51292983972
0.69 4.51271431122
0.7 4.51251040646
0.71 4.51231749874
0.72 4.5121349951
0.73 4.51196233456
0.74 4.51179898637
0.75 4.51164444838
0.76 4.51149824551
0.77 4.51135992828
0.78 4.51122907146
0.79 4.51110527271
0.8 4.51098815141
0.81 4.51087734745
0.82 4.51077252013
0.83 4.51067334712
0.84 4.51057952347
0.85 4.51049076067
0.86 4.51040678578
0.87 4.51032734056
0.88 4.51025218071
0.89 4.51018107508
0.9 4.51011380501
0.91 4.51005016362
0.92 4.50998995519
0.93 4.50993299455
0.94 4.50987910652
0.95 4.50982812537
0.96 4.50977989431
0.97 4.50973426499
0.98 4.50969109707
0.99 4.5096502578
