# Compound O-D-glucosyl-5-hydroxyL-L-lysine-procollagen

0.0 1.80390054081
0.01 2.76949006401
0.02 3.16003869784
0.03 3.59906300389
0.04 4.08933951392
0.05 4.63986592193
0.06 5.26855365305
0.07 5.90609541878
0.08 6.69782838126
0.09 7.55043822341
0.1 8.71635428214
0.11 5.54231520024
0.12 5.65040075598
0.13 5.79571985742
0.14 5.92053292155
0.15 6.0144700453
0.16 6.08066217414
0.17 6.1251235472
0.18 6.15352984514
0.19 6.1704285061
0.2 6.17922592521
0.21 6.18238742599
0.22 6.18166170994
0.23 6.17827330515
0.24 6.17307228008
0.25 6.1666452873
0.26 6.15939567654
0.27 6.15160025608
0.28 6.14344899266
0.29 6.13507250604
0.3 6.12656096193
0.31 6.11797697196
0.32 6.10936435637
0.33 6.10075407294
0.34 6.09216821755
0.35 6.08362272065
0.36 6.07512916604
0.37 6.06669602179
0.38 6.05832947869
0.39 6.05003402738
0.4 6.04181286156
0.41 6.03366816525
0.42 6.02560132243
0.43 6.01761307426
0.44 6.0097036402
0.45 6.00187281399
0.46 5.9941200415
0.47 5.98644448508
0.48 5.97884507756
0.49 5.97132056801
0.5 5.96386956075
0.51 5.95649054868
0.52 5.94918194173
0.53 5.94194209118
0.54 5.93476931026
0.55 5.92766189157
0.56 5.92061812168
0.57 5.91363629336
0.58 5.90671471555
0.59 5.89985172161
0.6 5.89304567591
0.61 5.886294979
0.62 5.8795980717
0.63 5.87295343811
0.64 5.86635960777
0.65 5.85981515719
0.66 5.85331871061
0.67 5.84686894045
0.68 5.84046456721
0.69 5.83410435908
0.7 5.8277871313
0.71 5.82151174523
0.72 5.81527710736
0.73 5.80908216804
0.74 5.80292592027
0.75 5.79680739827
0.76 5.79072567612
0.77 5.78467986632
0.78 5.77866911829
0.79 5.772692617
0.8 5.76674958145
0.81 5.76083926333
0.82 5.75496094555
0.83 5.74911394095
0.84 5.74329759094
0.85 5.73751126425
0.86 5.73175435563
0.87 5.72602628473
0.88 5.72032649489
0.89 5.71465445204
0.9 5.70900964368
0.91 5.7033915778
0.92 5.69779978196
0.93 5.69223380232
0.94 5.68669320276
0.95 5.68117756405
0.96 5.675686483
0.97 5.67021957175
0.98 5.66477645696
0.99 5.65935677918
