# Compound glucosyl-limonin

0.0 7.63752742032
0.01 7.68483487041
0.02 7.70207723604
0.03 7.72247339646
0.04 7.7465378856
0.05 7.77518083061
0.06 7.80980893032
0.07 7.84807790532
0.08 7.89664428892
0.09 7.95253520277
0.1 8.02563896012
0.11 8.27556172537
0.12 8.30594243812
0.13 8.33882914974
0.14 8.37178972575
0.15 8.40384776943
0.16 8.43457379447
0.17 8.4637724669
0.18 8.49136318972
0.19 8.5173285565
0.2 8.54168880743
0.21 8.56448745349
0.22 8.58578238685
0.23 8.6056400538
0.24 8.62413151206
0.25 8.64132972429
0.26 8.65730769448
0.27 8.67213719264
0.28 8.68588789632
0.29 8.69862683015
0.3 8.71041801969
0.31 8.72132229955
0.32 8.73139723237
0.33 8.740697107
0.34 8.7492729924
0.35 8.75717283011
0.36 8.76444155236
0.37 8.77112121659
0.38 8.7772511491
0.39 8.78286809299
0.4 8.78800635645
0.41 8.79269795897
0.42 8.79697277337
0.43 8.80085866259
0.44 8.8043816104
0.45 8.80756584551
0.46 8.81043395884
0.47 8.81300701407
0.48 8.81530465136
0.49 8.81734518458
0.5 8.81914569221
0.51 8.82072210222
0.52 8.82208927121
0.53 8.82326105823
0.54 8.82425039341
0.55 8.82506934194
0.56 8.82572916349
0.57 8.82624036757
0.58 8.82661276495
0.59 8.82685551544
0.6 8.82697717242
0.61 8.82698572413
0.62 8.82688863212
0.63 8.82669286697
0.64 8.82640494156
0.65 8.82603094197
0.66 8.82557655623
0.67 8.82504710104
0.68 8.82444754675
0.69 8.82378254044
0.7 8.82305642755
0.71 8.82227327191
0.72 8.82143687448
0.73 8.82055079077
0.74 8.81961834702
0.75 8.81864265535
0.76 8.81762662786
0.77 8.81657298975
0.78 8.81548429153
0.79 8.81436292051
0.8 8.81321111138
0.81 8.81203095619
0.82 8.81082441358
0.83 8.80959331747
0.84 8.80833938507
0.85 8.80706422449
0.86 8.80576934173
0.87 8.80445614723
0.88 8.80312596205
0.89 8.8017800236
0.9 8.80041949094
0.91 8.79904544984
0.92 8.79765891742
0.93 8.79626084656
0.94 8.79485212993
0.95 8.79343360386
0.96 8.79200605188
0.97 8.79057020808
0.98 8.78912676021
0.99 8.78767635264
