# Compound 5-hydroxyl-L-lysine-procollagen

0.0 9.01553199048
0.01 8.04994246728
0.02 7.65939383345
0.03 7.22036952741
0.04 6.73009301737
0.05 6.17956660937
0.06 5.55087887824
0.07 4.91333711252
0.08 4.12160415004
0.09 3.26899430789
0.1 2.10307824915
0.11 5.27711733106
0.12 5.16903177531
0.13 5.02371267388
0.14 4.89889960974
0.15 4.804962486
0.16 4.73877035715
0.17 4.6943089841
0.18 4.66590268616
0.19 4.6490040252
0.2 4.64020660608
0.21 4.63704510531
0.22 4.63777082136
0.23 4.64115922614
0.24 4.64636025121
0.25 4.65278724399
0.26 4.66003685475
0.27 4.66783227522
0.28 4.67598353864
0.29 4.68436002526
0.3 4.69287156936
0.31 4.70145555934
0.32 4.71006817492
0.33 4.71867845836
0.34 4.72726431375
0.35 4.73580981065
0.36 4.74430336526
0.37 4.75273650951
0.38 4.76110305261
0.39 4.76939850391
0.4 4.77761966973
0.41 4.78576436605
0.42 4.79383120886
0.43 4.80181945703
0.44 4.8097288911
0.45 4.81755971731
0.46 4.8253124898
0.47 4.83298804622
0.48 4.84058745374
0.49 4.84811196328
0.5 4.85556297054
0.51 4.86294198262
0.52 4.87025058956
0.53 4.87749044011
0.54 4.88466322103
0.55 4.89177063972
0.56 4.89881440961
0.57 4.90579623794
0.58 4.91271781575
0.59 4.91958080968
0.6 4.92638685538
0.61 4.93313755229
0.62 4.93983445959
0.63 4.94647909319
0.64 4.95307292352
0.65 4.95961737411
0.66 4.96611382068
0.67 4.97256359084
0.68 4.97896796408
0.69 4.98532817221
0.7 4.9916454
0.71 4.99792078606
0.72 5.00415542394
0.73 5.01035036325
0.74 5.01650661103
0.75 5.02262513303
0.76 5.02870685517
0.77 5.03475266498
0.78 5.040763413
0.79 5.04673991429
0.8 5.05268294984
0.81 5.05859326797
0.82 5.06447158575
0.83 5.07031859035
0.84 5.07613494035
0.85 5.08192126705
0.86 5.08767817566
0.87 5.09340624656
0.88 5.09910603641
0.89 5.10477807925
0.9 5.11042288762
0.91 5.11604095349
0.92 5.12163274933
0.93 5.12719872898
0.94 5.13273932853
0.95 5.13825496725
0.96 5.14374604829
0.97 5.14921295954
0.98 5.15465607433
0.99 5.16007575212
