# Compound cyanidin-3-O-D-rhamnosyl-(1,6)-D-glucoside

0.0 2.28346013166
0.01 2.11666489571
0.02 2.05016672152
0.03 1.97402812031
0.04 1.8874029236
0.05 1.78867094475
0.06 1.67533292011
0.07 1.55618596436
0.08 1.41536934966
0.09 1.26488342732
0.1 1.08541945689
0.11 0.537786201486
0.12 0.568513297671
0.13 0.584112282991
0.14 0.592170410497
0.15 0.59620872323
0.16 0.598033386837
0.17 0.59864632495
0.18 0.598633138004
0.19 0.598345458632
0.2 0.597995316372
0.21 0.597708175725
0.22 0.597554679836
0.23 0.597570494854
0.24 0.597769070958
0.25 0.59814998991
0.26 0.598704473596
0.27 0.599419025727
0.28 0.600277827374
0.29 0.601264292527
0.3 0.602362054527
0.31 0.603555566588
0.32 0.604830441616
0.33 0.606173617546
0.34 0.607573407803
0.35 0.609019478113
0.36 0.610502778101
0.37 0.612015447181
0.38 0.613550707905
0.39 0.615102755578
0.4 0.616666649781
0.41 0.618238211331
0.42 0.619813926679
0.43 0.621390860729
0.44 0.622966578389
0.45 0.624539074711
0.46 0.626106713196
0.47 0.627668171681
0.48 0.629222395159
0.49 0.630768554837
0.5 0.632306012755
0.51 0.633834291335
0.52 0.635353047244
0.53 0.63686204903
0.54 0.638361158051
0.55 0.639850312226
0.56 0.641329512256
0.57 0.642798809935
0.58 0.644258298281
0.59 0.645708103212
0.6 0.647148376541
0.61 0.648579290101
0.62 0.650001030833
0.63 0.651413796682
0.64 0.652817793193
0.65 0.654213230691
0.66 0.655600321956
0.67 0.656979280322
0.68 0.658350318125
0.69 0.659713645455
0.7 0.661069469158
0.71 0.662417992044
0.72 0.663759412281
0.73 0.665093922927
0.74 0.666421711596
0.75 0.667742960215
0.76 0.669057844876
0.77 0.670366535751
0.78 0.67166919707
0.79 0.672965987141
0.8 0.674257058415
0.81 0.675542557568
0.82 0.676822625625
0.83 0.678097398088
0.84 0.679367005085
0.85 0.680631571529
0.86 0.681891217283
0.87 0.68314605733
0.88 0.68439620195
0.89 0.685641756888
0.9 0.686882823536
0.91 0.688119499097
0.92 0.689351876761
0.93 0.690580045867
0.94 0.69180409207
0.95 0.693024097496
0.96 0.694240140895
0.97 0.695452297793
0.98 0.696660640631
0.99 0.697865238909
