# Compound Beta-D-glucose

0.0 3.37605701122
0.01 3.95964862142
0.02 4.43842849943
0.03 4.79028352231
0.04 5.04916663061
0.05 5.24196845676
0.06 5.387771988
0.07 5.50000680355
0.08 5.5881190858
0.09 5.65877795313
0.1 5.7166906509
0.11 5.76467460846
0.12 5.80661457844
0.13 5.84232372933
0.14 5.87182215828
0.15 5.89572227497
0.16 5.91483827043
0.17 5.92998819306
0.18 5.94190777508
0.19 5.95122293185
0.2 5.95845032407
0.21 5.96400956087
0.22 5.96823878329
0.23 5.97140981466
0.24 5.97374137402
0.25 5.97540998007
0.26 5.97655867801
0.27 5.97730390757
0.28 5.97774086483
0.29 5.97794767896
0.3 5.97798867214
0.31 5.97791691619
0.32 5.97777625131
0.33 5.97760289249
0.34 5.97742671899
0.35 5.97727231803
0.36 5.97715983673
0.37 5.97710568277
0.38 5.97712310498
0.39 5.97722267725
0.4 5.97741270431
0.41 5.9776995636
0.42 5.97808799457
0.43 5.97858134439
0.44 5.97918177721
0.45 5.9798904531
0.46 5.98070768108
0.47 5.98163305057
0.48 5.9826655443
0.49 5.98380363548
0.5 5.98504537157
0.51 5.98638844647
0.52 5.98783026285
0.53 5.989367986
0.54 5.99099859034
0.55 5.99271889953
0.56 5.9945256212
0.57 5.99641537692
0.58 5.99838472803
0.59 6.00043019792
0.6 6.00254829124
0.61 6.00473551039
0.62 6.00698836965
0.63 6.00930340731
0.64 6.01167719601
0.65 6.01410635148
0.66 6.01658753995
0.67 6.01911748444
0.68 6.02169296987
0.69 6.02431084741
0.7 6.02696803795
0.71 6.0296615349
0.72 6.0323884064
0.73 6.035145797
0.74 6.03793092881
0.75 6.04074110239
0.76 6.04357369713
0.77 6.0464261714
0.78 6.04929606247
0.79 6.05218098612
0.8 6.0550786361
0.81 6.05798678336
0.82 6.06090327523
0.83 6.06382603438
0.84 6.06675305769
0.85 6.06968241507
0.86 6.07261224815
0.87 6.07554076893
0.88 6.07846625838
0.89 6.08138706499
0.9 6.08430160329
0.91 6.08720835232
0.92 6.09010585413
0.93 6.09299271221
0.94 6.09586758999
0.95 6.09872920923
0.96 6.10157634852
0.97 6.10440784174
0.98 6.10722257649
0.99 6.11001949263
