# Compound sulfate

0.0 9.69287641973
0.01 9.73367259769
0.02 9.63873993454
0.03 9.57462698323
0.04 9.52399519607
0.05 9.47746505248
0.06 9.43208373501
0.07 9.38698346561
0.08 9.34208335241
0.09 9.29726424158
0.1 9.25286885903
0.11 9.20728680678
0.12 9.16319839258
0.13 9.12420806429
0.14 9.08806303502
0.15 9.05357628816
0.16 9.02012702576
0.17 8.98738502208
0.18 8.95516804233
0.19 8.92336982848
0.2 8.89192393609
0.21 8.86078551238
0.22 8.8299220248
0.23 8.79930846339
0.24 8.76892478802
0.25 8.73875450918
0.26 8.70878384676
0.27 8.67900118932
0.28 8.64939671516
0.29 8.61996210562
0.3 8.59069031564
0.31 8.56157538341
0.32 8.53261226937
0.33 8.50379671862
0.34 8.47512514303
0.35 8.44659452022
0.36 8.41820230699
0.37 8.38994636531
0.38 8.36182489919
0.39 8.33383640084
0.4 8.30597960484
0.41 8.2782534492
0.42 8.25065704217
0.43 8.22318963419
0.44 8.19585059391
0.45 8.16863938796
0.46 8.14155556369
0.47 8.11459873453
0.48 8.08776856766
0.49 8.06106477339
0.5 8.0344870963
0.51 8.00803530766
0.52 7.98170919902
0.53 7.95550857679
0.54 7.92943325769
0.55 7.90348306488
0.56 7.87765782473
0.57 7.85195736409
0.58 7.82638150804
0.59 7.80093007797
0.6 7.77560289008
0.61 7.75039975405
0.62 7.725320472
0.63 7.7003648377
0.64 7.67553263587
0.65 7.65082364169
0.66 7.6262376204
0.67 7.60177432705
0.68 7.57743350629
0.69 7.55321489231
0.7 7.52911820876
0.71 7.50514316882
0.72 7.48128947522
0.73 7.45755682042
0.74 7.43394488668
0.75 7.41045334629
0.76 7.38708186176
0.77 7.36383008602
0.78 7.34069766269
0.79 7.31768422627
0.8 7.29478940246
0.81 7.27201280839
0.82 7.2493540529
0.83 7.22681273682
0.84 7.20438845326
0.85 7.18208078784
0.86 7.15988931904
0.87 7.13781361843
0.88 7.11585325097
0.89 7.09400777528
0.9 7.07227674391
0.91 7.05065970361
0.92 7.02915619562
0.93 7.0077657559
0.94 6.98648791539
0.95 6.9653222003
0.96 6.94426813231
0.97 6.92332522884
0.98 6.90249300331
0.99 6.88177096531
