# Compound dTDP-4-dehydro-6-deoxy-D-glucose

0.0 0.222878417915
0.01 0.333098582474
0.02 0.410967655336
0.03 0.472905238466
0.04 0.525569057517
0.05 0.571480442188
0.06 0.612036696568
0.07 0.648130734729
0.08 0.680385092042
0.09 0.709291375984
0.1 0.73524689366
0.11 0.758750024644
0.12 0.779527762189
0.13 0.798774557343
0.14 0.816762795255
0.15 0.83357914468
0.16 0.849263535288
0.17 0.863855968641
0.18 0.877406761846
0.19 0.889974736107
0.2 0.90162289403
0.21 0.912414710026
0.22 0.922411680515
0.23 0.931671969052
0.24 0.940249811033
0.25 0.948195383168
0.26 0.955554928889
0.27 0.962371007491
0.28 0.968682789827
0.29 0.97452635881
0.3 0.979934994254
0.31 0.984939433591
0.32 0.98956810632
0.33 0.993847343161
0.34 0.997801562142
0.35 1.00145343427
0.36 1.00482403133
0.37 1.00793295809
0.38 1.01079847098
0.39 1.01343758492
0.4 1.0158661697
0.41 1.01809903731
0.42 1.02015002113
0.43 1.0220320479
0.44 1.0237572034
0.45 1.02533679232
0.46 1.02678139312
0.47 1.02810090817
0.48 1.02930460994
0.49 1.03040118328
0.5 1.03139876454
0.51 1.03230497747
0.52 1.03312696654
0.53 1.03387142763
0.54 1.03454463655
0.55 1.03515247545
0.56 1.03570045737
0.57 1.03619374903
0.58 1.03663719211
0.59 1.03703532305
0.6 1.03739239152
0.61 1.03771237769
0.62 1.03799900836
0.63 1.0382557721
0.64 1.03848593333
0.65 1.03869254567
0.66 1.03887846428
0.67 1.03904635762
0.68 1.03919871838
0.69 1.03933787375
0.7 1.0394659952
0.71 1.03958510751
0.72 1.03969709737
0.73 1.03980372151
0.74 1.03990661423
0.75 1.04000729462
0.76 1.0401071733
0.77 1.0402075588
0.78 1.04030966352
0.79 1.04041460946
0.8 1.04052343352
0.81 1.04063709253
0.82 1.04075646806
0.83 1.04088237085
0.84 1.04101554505
0.85 1.04115667227
0.86 1.04130637531
0.87 1.0414652217
0.88 1.04163372712
0.89 1.04181235854
0.9 1.04200153722
0.91 1.04220164151
0.92 1.0424130096
0.93 1.04263594193
0.94 1.04287070365
0.95 1.04311752683
0.96 1.0433766126
0.97 1.04364813309
0.98 1.04393223341
0.99 1.04422903332
