# Compound aglucosyloxyanthraquinone

0.0 8.96668896096
0.01 9.05239351998
0.02 9.02458223211
0.03 9.00237429034
0.04 8.9882511132
0.05 8.98746739625
0.06 9.00810348014
0.07 9.03570093424
0.08 8.23073996435
0.09 8.57005579092
0.1 7.70692411603
0.11 7.84377878928
0.12 7.92076044307
0.13 8.00122127508
0.14 8.06254658222
0.15 8.10398362721
0.16 8.12997399412
0.17 8.14517444824
0.18 8.15322846406
0.19 8.15669648777
0.2 8.15728343078
0.21 8.15608911132
0.22 8.1538085019
0.23 8.15087441596
0.24 8.14755348805
0.25 8.14400859312
0.26 8.1403385606
0.27 8.13660305705
0.28 8.13283799688
0.29 8.1290649972
0.3 8.12529713015
0.31 8.12154239389
0.32 8.11780578854
0.33 8.11409054511
0.34 8.110398844
0.35 8.10673222892
0.36 8.10309184097
0.37 8.09947854837
0.38 8.09589301702
0.39 8.09233574852
0.4 8.08880710121
0.41 8.08530730306
0.42 8.08183646122
0.43 8.07839457058
0.44 8.07498152254
0.45 8.07159711426
0.46 8.06824105842
0.47 8.06491299322
0.48 8.06161249243
0.49 8.05833907518
0.5 8.05509221538
0.51 8.0518713505
0.52 8.04867588964
0.53 8.04550522093
0.54 8.0423587181
0.55 8.03923574626
0.56 8.03613566696
0.57 8.0330578426
0.58 8.03000164007
0.59 8.02696643391
0.6 8.02395160885
0.61 8.02095656197
0.62 8.01798070428
0.63 8.01502346214
0.64 8.01208427814
0.65 8.0091626119
0.66 8.00625794049
0.67 8.0033697587
0.68 8.0004975792
0.69 7.99764093247
0.7 7.99479936663
0.71 7.99197244724
0.72 7.98915975696
0.73 7.98636089516
0.74 7.9835754775
0.75 7.98080313546
0.76 7.97804351586
0.77 7.97529628034
0.78 7.97256110484
0.79 7.96983767909
0.8 7.96712570605
0.81 7.96442490142
0.82 7.9617349931
0.83 7.9590557207
0.84 7.95638683502
0.85 7.95372809759
0.86 7.95107928018
0.87 7.94844016435
0.88 7.945810541
0.89 7.94319020995
0.9 7.94057897954
0.91 7.93797666623
0.92 7.93538309418
0.93 7.93279809497
0.94 7.93022150717
0.95 7.92765317606
0.96 7.92509295329
0.97 7.92254069657
0.98 7.91999626941
0.99 7.91745954082
