# Compound NAD(+)

0.0 5.0
0.01 4.99971928862
0.02 4.99944706751
0.03 4.99918297161
0.04 4.99892665238
0.05 4.99867777711
0.06 4.99843602823
0.07 4.99820110271
0.08 4.9979727114
0.09 4.99775057849
0.1 4.99753444092
0.11 4.99732404787
0.12 4.99711916038
0.13 4.99691955095
0.14 4.99672500301
0.15 4.99653531038
0.16 4.99635027689
0.17 4.99616971595
0.18 4.99599345017
0.19 4.99582131101
0.2 4.99565313839
0.21 4.99548878039
0.22 4.99532809291
0.23 4.9951709393
0.24 4.99501719024
0.25 4.99486672337
0.26 4.99471942303
0.27 4.99457508073
0.28 4.99443338151
0.29 4.99429421093
0.3 4.99415745965
0.31 4.99402302315
0.32 4.99389080157
0.33 4.99376069946
0.34 4.99363262563
0.35 4.99350649294
0.36 4.99338221812
0.37 4.99325972163
0.38 4.99313892746
0.39 4.99301976299
0.4 4.99290215887
0.41 4.99278604882
0.42 4.99267136954
0.43 4.99255806058
0.44 4.99244606416
0.45 4.99233532514
0.46 4.99222579082
0.47 4.9921174109
0.48 4.99201013732
0.49 4.99190392421
0.5 4.99179872774
0.51 4.99169450436
0.52 4.99159139649
0.53 4.99148918009
0.54 4.99138781909
0.55 4.99128727909
0.56 4.99118752721
0.57 4.99108853208
0.58 4.99099026375
0.59 4.99089269365
0.6 4.99079579447
0.61 4.99069954019
0.62 4.99060390593
0.63 4.99050886799
0.64 4.99041440371
0.65 4.99032049149
0.66 4.99022711071
0.67 4.9901342417
0.68 4.99004186568
0.69 4.98994996475
0.7 4.98985852181
0.71 4.98976775429
0.72 4.98967752839
0.73 4.98958771537
0.74 4.98949830149
0.75 4.98940927366
0.76 4.98932061939
0.77 4.98923232675
0.78 4.98914438439
0.79 4.98905678147
0.8 4.98896950764
0.81 4.98888255307
0.82 4.98879590833
0.83 4.98870956447
0.84 4.98862351293
0.85 4.98853774555
0.86 4.98845225456
0.87 4.98836703254
0.88 4.98828207239
0.89 4.98819736738
0.9 4.98811291106
0.91 4.98802869729
0.92 4.98794472019
0.93 4.98786097417
0.94 4.9877774539
0.95 4.98769415427
0.96 4.98761107042
0.97 4.9875281977
0.98 4.98744553168
0.99 4.98736306812
1.0 4.98728080298
1.01 4.98719873238
1.02 4.98711685264
1.03 4.98703516022
1.04 4.98695365175
1.05 4.98687232399
1.06 4.98679117386
1.07 4.9867101984
1.08 4.98662939478
1.09 4.9865487603
1.1 4.98646829234
1.11 4.98638798843
1.12 4.98630784618
1.13 4.9862278633
1.14 4.9861480376
1.15 4.98606836695
1.16 4.98598884934
1.17 4.98590948281
1.18 4.98583026549
1.19 4.98575119558
1.2 4.98567227133
1.21 4.98559349107
1.22 4.98551485318
1.23 4.98543635611
1.24 4.98535799834
1.25 4.98527977842
1.26 4.98520169493
1.27 4.98512374651
1.28 4.98504593184
1.29 4.98496824963
1.3 4.98489069863
1.31 4.98481327763
1.32 4.98473598545
1.33 4.98465882094
1.34 4.98458178298
1.35 4.98450487048
1.36 4.98442808237
1.37 4.98435141761
1.38 4.98427487517
1.39 4.98419845406
1.4 4.9841221533
1.41 4.98404597191
1.42 4.98396990896
1.43 4.98389396351
1.44 4.98381813466
1.45 4.98374242149
1.46 4.98366682312
1.47 4.98359133867
1.48 4.98351596727
1.49 4.98344070806
1.5 4.98336556019
1.51 4.98329052283
1.52 4.98321559513
1.53 4.98314077628
1.54 4.98306606545
1.55 4.98299146182
1.56 4.98291696458
1.57 4.98284257293
1.58 4.98276828606
1.59 4.98269410318
1.6 4.98262002348
1.61 4.98254604617
1.62 4.98247217046
1.63 4.98239839555
1.64 4.98232472065
1.65 4.98225114498
1.66 4.98217766774
1.67 4.98210428814
1.68 4.98203100539
1.69 4.98195781871
1.7 4.98188472729
1.71 4.98181173035
1.72 4.98173882709
1.73 4.98166601672
1.74 4.98159329843
1.75 4.98152067143
1.76 4.98144813491
1.77 4.98137568807
1.78 4.98130333011
1.79 4.98123106021
1.8 4.98115887755
1.81 4.98108678133
1.82 4.98101477072
1.83 4.9809428449
1.84 4.98087100304
1.85 4.98079924431
1.86 4.98072756788
1.87 4.98065597292
1.88 4.98058445857
1.89 4.98051302399
1.9 4.98044166834
1.91 4.98037039076
1.92 4.98029919038
1.93 4.98022806635
1.94 4.9801570178
1.95 4.98008604385
1.96 4.98001514363
1.97 4.97994431626
1.98 4.97987356084
1.99 4.97980287649
2.0 4.9797322623
2.01 4.97966171739
2.02 4.97959124083
2.03 4.97952083171
2.04 4.97945048912
2.05 4.97938021214
2.06 4.97930999982
2.07 4.97923985124
2.08 4.97916976546
2.09 4.97909974153
2.1 4.9790297785
2.11 4.9789598754
2.12 4.97889003127
2.13 4.97882024515
2.14 4.97875051605
2.15 4.978680843
2.16 4.978611225
2.17 4.97854166105
2.18 4.97847215015
2.19 4.9784026913
2.2 4.97833328347
2.21 4.97826392565
2.22 4.97819461679
2.23 4.97812535588
2.24 4.97805614185
2.25 4.97798697366
2.26 4.97791785026
2.27 4.97784877056
2.28 4.9777797335
2.29 4.977710738
2.3 4.97764178296
2.31 4.97757286729
2.32 4.97750398988
2.33 4.97743514962
2.34 4.97736634538
2.35 4.97729757603
2.36 4.97722884043
2.37 4.97716013742
2.38 4.97709146587
2.39 4.97702282458
2.4 4.9769542124
2.41 4.97688562812
2.42 4.97681707056
2.43 4.97674853851
2.44 4.97668003075
2.45 4.97661154606
2.46 4.9765430832
2.47 4.97647464092
2.48 4.97640621796
2.49 4.97633781305
2.5 4.97626942492
2.51 4.97620105227
2.52 4.9761326938
2.53 4.97606434819
2.54 4.97599601411
2.55 4.97592769023
2.56 4.97585937518
2.57 4.97579106762
2.58 4.97572276614
2.59 4.97565446937
2.6 4.9755861759
2.61 4.97551788431
2.62 4.97544959316
2.63 4.975381301
2.64 4.97531300637
2.65 4.97524470779
2.66 4.97517640377
2.67 4.9751080928
2.68 4.97503977334
2.69 4.97497144386
2.7 4.9749031028
2.71 4.97483474857
2.72 4.9747663796
2.73 4.97469799425
2.74 4.9746295909
2.75 4.97456116791
2.76 4.97449272359
2.77 4.97442425627
2.78 4.97435576423
2.79 4.97428724575
2.8 4.97421869906
2.81 4.97415012242
2.82 4.974081514
2.83 4.97401287201
2.84 4.97394419461
2.85 4.97387547992
2.86 4.97380672607
2.87 4.97373793113
2.88 4.97366909319
2.89 4.97360021026
2.9 4.97353128037
2.91 4.9734623015
2.92 4.9733932716
2.93 4.97332418861
2.94 4.97325505042
2.95 4.9731858549
2.96 4.9731165999
2.97 4.97304728322
2.98 4.97297790263
2.99 4.97290845589
