# Compound sinapate

0.0 3.40628894554
0.01 3.10261591055
0.02 3.09249142872
0.03 3.06936229304
0.04 3.02944011332
0.05 2.96318563847
0.06 2.85446540568
0.07 2.73380115579
0.08 2.50806388096
0.09 2.22298105201
0.1 1.71120899793
0.11 3.39355152947
0.12 3.88053451159
0.13 4.13954058635
0.14 4.28210420648
0.15 4.361776256
0.16 4.40651579973
0.17 4.43174852709
0.18 4.44625716112
0.19 4.45510744146
0.2 4.46121584714
0.21 4.46623516143
0.22 4.47107148557
0.23 4.47619165181
0.24 4.48180749804
0.25 4.48798642927
0.26 4.494717427
0.27 4.50195003635
0.28 4.50961697741
0.29 4.51764687849
0.3 4.52597110168
0.31 4.53452708358
0.32 4.54325966345
0.33 4.55212128758
0.34 4.56107162069
0.35 4.57007687637
0.36 4.57910904566
0.37 4.58814512266
0.38 4.59716637844
0.39 4.60615770635
0.4 4.6151070463
0.41 4.62400488654
0.42 4.63284383738
0.43 4.64161826927
0.44 4.65032400724
0.45 4.65895807402
0.46 4.6675184746
0.47 4.67600401619
0.48 4.68441415778
0.49 4.69274888493
0.5 4.70100860541
0.51 4.70919406264
0.52 4.71730626377
0.53 4.72534642022
0.54 4.73331589841
0.55 4.74121617931
0.56 4.749048825
0.57 4.75681545138
0.58 4.76451770585
0.59 4.77215724919
0.6 4.77973574092
0.61 4.78725482756
0.62 4.79471613333
0.63 4.80212125282
0.64 4.80947174538
0.65 4.81676913079
0.66 4.82401488619
0.67 4.83121044385
0.68 4.83835718976
0.69 4.84545646282
0.7 4.85250955458
0.71 4.85951770935
0.72 4.86648212469
0.73 4.87340395209
0.74 4.88028429796
0.75 4.88712422468
0.76 4.89392475184
0.77 4.90068685753
0.78 4.90741147972
0.79 4.91409951765
0.8 4.92075183326
0.81 4.9273692526
0.82 4.93395256729
0.83 4.94050253592
0.84 4.9470198854
0.85 4.95350531237
0.86 4.95995948448
0.87 4.96638304168
0.88 4.9727765975
0.89 4.97914074019
0.9 4.98547603396
0.91 4.99178302
0.92 4.99806221762
0.93 5.00431412527
0.94 5.01053922148
0.95 5.01673796585
0.96 5.02291079993
0.97 5.02905814808
0.98 5.03518041828
0.99 5.04127800293
