# Compound aflavonone7-O-beta-D-glucoside

0.0 0.545842997624
0.01 1.86580041497
0.02 2.41487981169
0.03 3.01233356093
0.04 3.65349266912
0.05 4.33530940268
0.06 5.05598728946
0.07 5.75075257369
0.08 6.4854406505
0.09 7.18083898726
0.1 7.90111944293
0.11 7.92354605543
0.12 7.9795522718
0.13 8.04701283412
0.14 8.10309155398
0.15 8.14428220644
0.16 8.17262798368
0.17 8.19121538713
0.18 8.20280289068
0.19 8.20951842537
0.2 8.212899526
0.21 8.21401934677
0.22 8.21361231594
0.23 8.21217547659
0.24 8.21004335598
0.25 8.20744079261
0.26 8.20451921339
0.27 8.20138112598
0.28 8.19809647621
0.29 8.19471349942
0.3 8.1912658922
0.31 8.1877775463
0.32 8.1842656756
0.33 8.18074288755
0.34 8.17721856193
0.35 8.17369977516
0.36 8.17019192604
0.37 8.16669916465
0.38 8.16322469116
0.39 8.15977096794
0.4 8.15633987349
0.41 8.15293281698
0.42 8.14955082549
0.43 8.14619461232
0.44 8.14286463147
0.45 8.13956112218
0.46 8.13628414579
0.47 8.13303361659
0.48 8.12980932805
0.49 8.12661097502
0.5 8.12343817277
0.51 8.1202904732
0.52 8.11716737871
0.53 8.11406835403
0.54 8.11099283628
0.55 8.10794024342
0.56 8.10490998149
0.57 8.10190145057
0.58 8.09891404978
0.59 8.09594718142
0.6 8.09300025437
0.61 8.09007268679
0.62 8.08716390831
0.63 8.08427336176
0.64 8.0814005045
0.65 8.07854480935
0.66 8.07570576531
0.67 8.07288287804
0.68 8.07007567007
0.69 8.06728368089
0.7 8.06450646694
0.71 8.06174360144
0.72 8.05899467411
0.73 8.05625929091
0.74 8.05353707361
0.75 8.0508276594
0.76 8.04813070044
0.77 8.04544586338
0.78 8.04277282886
0.79 8.04011129106
0.8 8.03746095711
0.81 8.03482154668
0.82 8.03219279143
0.83 8.02957443451
0.84 8.02696623014
0.85 8.02436794304
0.86 8.02177934808
0.87 8.01920022976
0.88 8.01663038178
0.89 8.01406960667
0.9 8.01151771535
0.91 8.00897452675
0.92 8.00643986744
0.93 8.00391357128
0.94 8.00139547908
0.95 7.99888543824
0.96 7.99638330248
0.97 7.99388893152
0.98 7.99140219079
0.99 7.98892295118
