# Compound trans-beta-D-glucosyl-2-hydroxycinnamate

0.0 3.64843941095
0.01 4.37916523638
0.02 4.6275341425
0.03 4.90575595943
0.04 5.21481924711
0.05 5.56080494891
0.06 5.95614532117
0.07 6.34726539335
0.08 6.84384805274
0.09 7.37061166486
0.1 5.13682005354
0.11 4.32531644881
0.12 4.94990261707
0.13 5.34730070303
0.14 5.5897925086
0.15 5.73395254755
0.16 5.81763882712
0.17 5.86472789184
0.18 5.88986646215
0.19 5.90191407143
0.2 5.90619112126
0.21 5.90588070064
0.22 5.90288300193
0.23 5.89833022002
0.24 5.89289525772
0.25 5.88697649154
0.26 5.88080836261
0.27 5.87452761736
0.28 5.86821300534
0.29 5.86190906287
0.3 5.85564033648
0.31 5.8494198552
0.32 5.84325414152
0.33 5.83714614225
0.34 5.83109691387
0.35 5.82510656747
0.36 5.81917477857
0.37 5.81330104605
0.38 5.80748481041
0.39 5.80172549652
0.4 5.79602251916
0.41 5.7903752725
0.42 5.78478311529
0.43 5.77924535762
0.44 5.77376125143
0.45 5.76832998569
0.46 5.76295068569
0.47 5.7576224158
0.48 5.75234418484
0.49 5.74711495316
0.5 5.7419336408
0.51 5.73679913608
0.52 5.73171030415
0.53 5.72666599532
0.54 5.72166505269
0.55 5.71670631923
0.56 5.71178864403
0.57 5.70691088772
0.58 5.70207192721
0.59 5.69727065963
0.6 5.69250600554
0.61 5.68777691161
0.62 5.68308235261
0.63 5.67842133301
0.64 5.67379288804
0.65 5.66919608441
0.66 5.66463002072
0.67 5.66009382755
0.68 5.65558666735
0.69 5.65110773406
0.7 5.64665625273
0.71 5.64223147881
0.72 5.63783269749
0.73 5.63345922288
0.74 5.62911039719
0.75 5.6247855898
0.76 5.62048419633
0.77 5.61620563775
0.78 5.61194935934
0.79 5.60771482984
0.8 5.60350154044
0.81 5.59930900385
0.82 5.59513675343
0.83 5.59098434228
0.84 5.58685134234
0.85 5.58273734362
0.86 5.57864195331
0.87 5.57456479503
0.88 5.57050550808
0.89 5.56646374668
0.9 5.5624391793
0.91 5.55843148797
0.92 5.55444036767
0.93 5.55046552565
0.94 5.5465066809
0.95 5.54256356359
0.96 5.53863591448
0.97 5.53472348447
0.98 5.53082603408
0.99 5.52694333301
