# Compound gallate

0.0 7.31716294726
0.01 6.06894916988
0.02 5.7110544775
0.03 5.30274689167
0.04 4.84037150838
0.05 4.30907250158
0.06 3.68059245405
0.07 3.05587712633
0.08 2.20975458228
0.09 5.98214979595
0.1 8.84806670681
0.11 9.67141995028
0.12 7.45923325888
0.13 6.21380287709
0.14 5.5257460591
0.15 5.15152676441
0.16 4.95211339208
0.17 4.84949758419
0.18 4.80026618937
0.19 4.78034821885
0.2 4.77641663988
0.21 4.78109851697
0.22 4.79032099224
0.23 4.80184265756
0.24 4.81443984165
0.25 4.82745451144
0.26 4.8405422515
0.27 4.8535313639
0.28 4.86634397489
0.29 4.87895191265
0.3 4.89135216815
0.31 4.90355341672
0.32 4.91556878794
0.33 4.92741215118
0.34 4.93909635842
0.35 4.95063255415
0.36 4.96203004478
0.37 4.97329644082
0.38 4.98443791209
0.39 4.99545947038
0.4 5.00636523614
0.41 5.01715866967
0.42 5.02784276102
0.43 5.03842017927
0.44 5.04889338572
0.45 5.05926471645
0.46 5.06953644001
0.47 5.07971079567
0.48 5.08979001668
0.49 5.09977634256
0.5 5.10967202351
0.51 5.11947931936
0.52 5.12920049501
0.53 5.13883781386
0.54 5.14839353003
0.55 5.15786988048
0.56 5.16726907721
0.57 5.17659330003
0.58 5.18584469015
0.59 5.19502534451
0.6 5.20413731111
0.61 5.21318258508
0.62 5.2221631057
0.63 5.23108075411
0.64 5.23993735175
0.65 5.24873465935
0.66 5.25747437652
0.67 5.2661581418
0.68 5.27478753303
0.69 5.28336406815
0.7 5.29188920616
0.71 5.30036434843
0.72 5.30879084004
0.73 5.31716997137
0.74 5.32550297974
0.75 5.33379105116
0.76 5.34203532203
0.77 5.35023688102
0.78 5.35839677084
0.79 5.36651599003
0.8 5.37459549476
0.81 5.38263620062
0.82 5.39063898428
0.83 5.39860468524
0.84 5.40653410741
0.85 5.41442802074
0.86 5.42228716277
0.87 5.43011224004
0.88 5.43790392962
0.89 5.4456628804
0.9 5.45338971446
0.91 5.46108502832
0.92 5.46874939414
0.93 5.4763833609
0.94 5.4839874555
0.95 5.49156218381
0.96 5.49910803168
0.97 5.50662546592
0.98 5.51411493517
0.99 5.52157687083
