# Compound ceramide

0.0 2.3062694967
0.01 3.25529234889
0.02 3.13975860453
0.03 3.16592064277
0.04 3.22787427874
0.05 3.29048747298
0.06 3.3439559433
0.07 3.38652640189
0.08 3.41917973112
0.09 3.44340135719
0.1 3.46074574477
0.11 3.47084484015
0.12 3.48052678379
0.13 3.48063911439
0.14 3.47223340815
0.15 3.4575716945
0.16 3.43874611622
0.17 3.41734465199
0.18 3.39447725873
0.19 3.37089051098
0.2 3.34707828229
0.21 3.32336555792
0.22 3.29996596404
0.23 3.27701946333
0.24 3.25461658943
0.25 3.2328140209
0.26 3.21164472963
0.27 3.19112475884
0.28 3.171257893
0.29 3.15203898252
0.3 3.13345638216
0.31 3.11549378266
0.32 3.09813160932
0.33 3.08134810024
0.34 3.06512014007
0.35 3.0494239034
0.36 3.03423534788
0.37 3.01953058797
0.38 3.00528617353
0.39 2.99147929289
0.4 2.97808791615
0.41 2.96509089124
0.42 2.95246800338
0.43 2.94020000606
0.44 2.92826863024
0.45 2.9166565773
0.46 2.90534749986
0.47 2.89432597387
0.48 2.8835774647
0.49 2.87308828921
0.5 2.8628455755
0.51 2.85283722145
0.52 2.84305185308
0.53 2.83347878335
0.54 2.82410797195
0.55 2.81492998638
0.56 2.80593596463
0.57 2.79711757956
0.58 2.78846700505
0.59 2.7799768841
0.6 2.77164029859
0.61 2.76345074098
0.62 2.75540208775
0.63 2.7474885744
0.64 2.73970477221
0.65 2.73204556644
0.66 2.72450613599
0.67 2.71708193445
0.68 2.70976867235
0.69 2.7025623007
0.7 2.6954589956
0.71 2.68845514386
0.72 2.68154732969
0.73 2.67473232218
0.74 2.66800706371
0.75 2.66136865908
0.76 2.65481436544
0.77 2.64834158283
0.78 2.64194784537
0.79 2.63563081304
0.8 2.62938826402
0.81 2.62321808749
0.82 2.61711827694
0.83 2.6110869239
0.84 2.60512221207
0.85 2.59922241183
0.86 2.59338587512
0.87 2.58761103063
0.88 2.58189637929
0.89 2.57624049005
0.9 2.57064199594
0.91 2.56509959038
0.92 2.55961202366
0.93 2.55417809972
0.94 2.54879667311
0.95 2.54346664606
0.96 2.53818696586
0.97 2.5329566223
0.98 2.52777464529
0.99 2.52264010266
