# Compound UDP-2-acetamido-4-amino-2,4,6-trideoxyglucose

0.0 2.58607224799
0.01 2.62552395307
0.02 2.66354723413
0.03 2.70011134763
0.04 2.73521799964
0.05 2.76888424921
0.06 2.80113697706
0.07 2.83201003849
0.08 2.86154223781
0.09 2.88977582287
0.1 2.91675531618
0.11 2.94252656368
0.12 2.9671363107
0.13 2.99063120907
0.14 3.01305730762
0.15 3.0344595804
0.16 3.05488180194
0.17 3.07436648644
0.18 3.09295484489
0.19 3.11068674954
0.2 3.12760070547
0.21 3.14373383123
0.22 3.15912184962
0.23 3.17379908856
0.24 3.18779849134
0.25 3.20115163501
0.26 3.2138887555
0.27 3.22603877823
0.28 3.23762935285
0.29 3.24868689116
0.3 3.25923660727
0.31 3.26930255915
0.32 3.2789076911
0.33 3.28807387653
0.34 3.2968219606
0.35 3.30517180258
0.36 3.31314231746
0.37 3.32075151674
0.38 3.3280165482
0.39 3.33495373458
0.4 3.34157861101
0.41 3.34790596121
0.42 3.35394985241
0.43 3.35972366891
0.44 3.36524014438
0.45 3.37051139279
0.46 3.37554893811
0.47 3.38036374271
0.48 3.38496623449
0.49 3.38936633287
0.5 3.39357347352
0.51 3.39759663207
0.52 3.40144434657
0.53 3.40512473906
0.54 3.40864553598
0.55 3.41201408772
0.56 3.41523738716
0.57 3.41832208731
0.58 3.42127451818
0.59 3.42410070275
0.6 3.42680637214
0.61 3.42939698014
0.62 3.4318777169
0.63 3.43425352207
0.64 3.43652909715
0.65 3.43870891736
0.66 3.44079724284
0.67 3.44279812931
0.68 3.44471543822
0.69 3.44655284636
0.7 3.44831385501
0.71 3.45000179866
0.72 3.45161985322
0.73 3.4531710439
0.74 3.45465825266
0.75 3.45608422523
0.76 3.45745157794
0.77 3.45876280399
0.78 3.4600202796
0.79 3.46122626974
0.8 3.4623829336
0.81 3.46349232981
0.82 3.46455642134
0.83 3.46557708024
0.84 3.46655609207
0.85 3.46749516012
0.86 3.46839590947
0.87 3.46925989077
0.88 3.4700885839
0.89 3.47088340138
0.9 3.47164569171
0.91 3.4723767424
0.92 3.47307778298
0.93 3.47374998779
0.94 3.47439447867
0.95 3.47501232745
0.96 3.47560455841
0.97 3.47617215052
0.98 3.47671603965
0.99 3.47723712062
