# Compound CDP-4-dehydro-3,6-dideoxy-D-glucose

0.0 9.44705885413
0.01 8.70021877406
0.02 8.67956685879
0.03 8.5546431369
0.04 8.41074832447
0.05 8.27045849441
0.06 8.13958846264
0.07 8.01873049863
0.08 7.9068568967
0.09 7.80272768211
0.1 7.7051463439
0.11 7.61404042843
0.12 7.5254731898
0.13 7.44421361081
0.14 7.36956045632
0.15 7.30023490684
0.16 7.23508049679
0.17 7.17321594914
0.18 7.11401061186
0.19 7.05702080449
0.2 7.00193151531
0.21 6.94851334967
0.22 6.89659352226
0.23 6.84603717762
0.24 6.79673559617
0.25 6.74859875425
0.26 6.70155055775
0.27 6.65552569597
0.28 6.6104674785
0.29 6.56632627807
0.3 6.52305835836
0.31 6.48062495748
0.32 6.43899154995
0.33 6.39812724009
0.34 6.3580042565
0.35 6.31859752691
0.36 6.27988431866
0.37 6.24184393343
0.38 6.20445744722
0.39 6.16770748828
0.4 6.13157804699
0.41 6.09605431261
0.42 6.06112253265
0.43 6.02676989147
0.44 5.99298440498
0.45 5.95975482915
0.46 5.92707058008
0.47 5.89492166416
0.48 5.86329861664
0.49 5.83219244756
0.5 5.80159459396
0.51 5.77149687765
0.52 5.74189146755
0.53 5.71277084641
0.54 5.68412778095
0.55 5.65595529535
0.56 5.62824664754
0.57 5.60099530791
0.58 5.57419494035
0.59 5.54783938522
0.6 5.52192264408
0.61 5.49643886606
0.62 5.47138233558
0.63 5.44674746136
0.64 5.42252876663
0.65 5.39872088032
0.66 5.37531852913
0.67 5.35231653057
0.68 5.32970978661
0.69 5.30749327811
0.7 5.28566205978
0.71 5.26421125574
0.72 5.24313605559
0.73 5.22243171085
0.74 5.20209353188
0.75 5.18211688512
0.76 5.16249719063
0.77 5.14322991999
0.78 5.1243105944
0.79 5.105734783
0.8 5.08749810145
0.81 5.06959621067
0.82 5.05202481574
0.83 5.03477966489
0.84 5.01785654876
0.85 5.00125129961
0.86 4.98495979074
0.87 4.96897793597
0.88 4.95330168913
0.89 4.93792704373
0.9 4.9228500326
0.91 4.90806672761
0.92 4.8935732394
0.93 4.87936571723
0.94 4.86544034874
0.95 4.85179335982
0.96 4.83842101448
0.97 4.8253196147
0.98 4.81248550033
0.99 4.79991504901
