# Compound 2D-glucose1-phosphate

0.0 7.88931507687
0.01 7.88931507687
0.02 7.88931507687
0.03 7.88931507687
0.04 7.88931507687
0.05 7.88931507687
0.06 7.88931507687
0.07 7.88931507687
0.08 7.88931507687
0.09 7.88931507687
0.1 7.88931507687
0.11 7.88931507687
0.12 7.88931507687
0.13 7.88931507687
0.14 7.88931507687
0.15 7.88931507687
0.16 7.88931507687
0.17 7.88931507687
0.18 7.88931507687
0.19 7.88931507687
0.2 7.88931507687
0.21 7.88931507687
0.22 7.88931507687
0.23 7.88931507687
0.24 7.88931507687
0.25 7.88931507687
0.26 7.88931507687
0.27 7.88931507687
0.28 7.88931507687
0.29 7.88931507687
0.3 7.88931507687
0.31 7.88931507687
0.32 7.88931507687
0.33 7.88931507687
0.34 7.88931507687
0.35 7.88931507687
0.36 7.88931507687
0.37 7.88931507687
0.38 7.88931507687
0.39 7.88931507687
0.4 7.88931507687
0.41 7.88931507687
0.42 7.88931507687
0.43 7.88931507687
0.44 7.88931507687
0.45 7.88931507687
0.46 7.88931507687
0.47 7.88931507687
0.48 7.88931507687
0.49 7.88931507687
0.5 7.88931507687
0.51 7.88931507687
0.52 7.88931507687
0.53 7.88931507687
0.54 7.88931507687
0.55 7.88931507687
0.56 7.88931507687
0.57 7.88931507687
0.58 7.88931507687
0.59 7.88931507687
0.6 7.88931507687
0.61 7.88931507687
0.62 7.88931507687
0.63 7.88931507687
0.64 7.88931507687
0.65 7.88931507687
0.66 7.88931507687
0.67 7.88931507687
0.68 7.88931507687
0.69 7.88931507687
0.7 7.88931507687
0.71 7.88931507687
0.72 7.88931507687
0.73 7.88931507687
0.74 7.88931507687
0.75 7.88931507687
0.76 7.88931507687
0.77 7.88931507687
0.78 7.88931507687
0.79 7.88931507687
0.8 7.88931507687
0.81 7.88931507687
0.82 7.88931507687
0.83 7.88931507687
0.84 7.88931507687
0.85 7.88931507687
0.86 7.88931507687
0.87 7.88931507687
0.88 7.88931507687
0.89 7.88931507687
0.9 7.88931507687
0.91 7.88931507687
0.92 7.88931507687
0.93 7.88931507687
0.94 7.88931507687
0.95 7.88931507687
0.96 7.88931507687
0.97 7.88931507687
0.98 7.88931507687
0.99 7.88931507687
