# Compound Raucaffricine

0.0 7.03354100137
0.01 6.8423026474
0.02 7.44809928984
0.03 7.83703874456
0.04 8.12067609126
0.05 8.36052236038
0.06 8.57697532026
0.07 8.77708072896
0.08 8.96286459524
0.09 9.13628183836
0.1 9.29669441788
0.11 9.45431671993
0.12 9.59372847649
0.13 9.70249661825
0.14 9.79421904973
0.15 9.87566163219
0.16 9.95021659953
0.17 10.0196573765
0.18 10.0849831013
0.19 10.1468159988
0.2 10.2055870253
0.21 10.2616229756
0.22 10.3151881066
0.23 10.3665048177
0.24 10.4157646525
0.25 10.4631347633
0.26 10.5087621694
0.27 10.5527768709
0.28 10.5952942994
0.29 10.6364173357
0.3 10.6762380071
0.31 10.7148389314
0.32 10.7522945501
0.33 10.788672182
0.34 10.8240329249
0.35 10.8584324274
0.36 10.8919215497
0.37 10.9245469308
0.38 10.9563514756
0.39 10.9873747737
0.4 11.0176534618
0.41 11.0472215367
0.42 11.0761106263
0.43 11.1043502268
0.44 11.1319679081
0.45 11.1589894946
0.46 11.1854392238
0.47 11.2113398855
0.48 11.2367129454
0.49 11.261578654
0.5 11.2859561443
0.51 11.3098635179
0.52 11.3333179226
0.53 11.3563356221
0.54 11.3789320585
0.55 11.4011219088
0.56 11.4229191358
0.57 11.4443370352
0.58 11.4653882772
0.59 11.4860849455
0.6 11.5064385727
0.61 11.5264601725
0.62 11.5461602701
0.63 11.5655489293
0.64 11.5846357781
0.65 11.6034300328
0.66 11.6219405193
0.67 11.6401756941
0.68 11.6581436631
0.69 11.6758521995
0.7 11.6933087604
0.71 11.7105205026
0.72 11.7274942973
0.73 11.7442367434
0.74 11.7607541814
0.75 11.7770527048
0.76 11.7931381721
0.77 11.8090162176
0.78 11.8246922617
0.79 11.8401715209
0.8 11.8554590165
0.81 11.8705595841
0.82 11.8854778812
0.83 11.9002183957
0.84 11.9147854529
0.85 11.929183223
0.86 11.9434157277
0.87 11.9574868465
0.88 11.9714003231
0.89 11.9851597711
0.9 11.9987686794
0.91 12.0122304178
0.92 12.0255482418
0.93 12.0387252974
0.94 12.0517646257
0.95 12.0646691675
0.96 12.077441767
0.97 12.0900851761
0.98 12.102602058
0.99 12.1149949909
