# Compound D-glucono-1,5-lactone6-phosphate

0.0 5.61533113418
0.01 5.56219457436
0.02 5.499802082
0.03 5.43137089249
0.04 5.35953208659
0.05 5.28541758736
0.06 5.20956234501
0.07 5.13222203593
0.08 5.05367584495
0.09 4.97327711104
0.1 4.89054772467
0.11 4.84418838719
0.12 4.77461804333
0.13 4.70717334503
0.14 4.64144100065
0.15 4.57753999572
0.16 4.51565359066
0.17 4.45590554482
0.18 4.3983448927
0.19 4.34296086953
0.2 4.28970217626
0.21 4.23849303149
0.22 4.18924471507
0.23 4.14186323436
0.24 4.09625413008
0.25 4.05232532734
0.26 4.00998871281
0.27 3.9691609103
0.28 3.9297635669
0.29 3.89172334964
0.3 3.85497177808
0.31 3.81944496961
0.32 3.78508334427
0.33 3.75183131671
0.34 3.71963699153
0.35 3.68845187101
0.36 3.65823058008
0.37 3.62893061071
0.38 3.60051208637
0.39 3.57293754624
0.4 3.54617174844
0.41 3.52018149096
0.42 3.49493544931
0.43 3.47040402926
0.44 3.44655923355
0.45 3.42337454124
0.46 3.40082479851
0.47 3.37888611969
0.48 3.35753579767
0.49 3.33675222255
0.5 3.31651480782
0.51 3.29680392314
0.52 3.27760083318
0.53 3.25888764177
0.54 3.24064724079
0.55 3.2228632635
0.56 3.2055200415
0.57 3.18860256533
0.58 3.17209644804
0.59 3.15598789161
0.6 3.14026365581
0.61 3.1249110294
0.62 3.10991780332
0.63 3.0952722457
0.64 3.08096307869
0.65 3.06697945661
0.66 3.05331094566
0.67 3.03994750484
0.68 3.026879468
0.69 3.01409752701
0.7 3.00159271589
0.71 2.98935639583
0.72 2.97738024106
0.73 2.96565622548
0.74 2.95417661004
0.75 2.94293393072
0.76 2.93192098716
0.77 2.9211308319
0.78 2.91055676011
0.79 2.90019229981
0.8 2.89003120265
0.81 2.88006743499
0.82 2.87029516957
0.83 2.86070877738
0.84 2.85130282008
0.85 2.8420720426
0.86 2.83301136622
0.87 2.82411588183
0.88 2.81538084359
0.89 2.80680166276
0.9 2.79837390191
0.91 2.79009326927
0.92 2.78195561341
0.93 2.77395691803
0.94 2.76609329714
0.95 2.75836099022
0.96 2.7507563578
0.97 2.74327587701
0.98 2.73591613751
0.99 2.72867383741
