# Compound UDP-4-dehydro-6-deoxy-D-glucose

0.0 5.65016268703
0.01 5.07277107217
0.02 5.0836167213
0.03 5.04417276894
0.04 4.9951319401
0.05 4.95164076487
0.06 4.92036086614
0.07 4.89993425234
0.08 4.90021508843
0.09 4.91837709035
0.1 4.96794250925
0.11 5.2404268753
0.12 5.21800460168
0.13 5.20529986248
0.14 5.20022031389
0.15 5.2009550277
0.16 5.20603794045
0.17 5.21435527678
0.18 5.22508968982
0.19 5.23764842551
0.2 5.2515999194
0.21 5.26662556229
0.22 5.28248560149
0.23 5.29899589761
0.24 5.31601229477
0.25 5.33342008121
0.26 5.35112677509
0.27 5.36905706872
0.28 5.38714918441
0.29 5.40535217083
0.3 5.42362384315
0.31 5.44192917827
0.32 5.46023904244
0.33 5.47852916918
0.34 5.49677933041
0.35 5.51497265986
0.36 5.53309509804
0.37 5.55113493537
0.38 5.56908243501
0.39 5.58692952077
0.4 5.60466951814
0.41 5.6222969391
0.42 5.63980730263
0.43 5.65719698478
0.44 5.67446309293
0.45 5.6916033601
0.46 5.70861605581
0.47 5.7254999106
0.48 5.74225405192
0.49 5.75887794951
0.5 5.7753713686
0.51 5.79173432979
0.52 5.80796707445
0.53 5.82407003477
0.54 5.84004380781
0.55 5.85588913293
0.56 5.87160687198
0.57 5.88719799212
0.58 5.90266355057
0.59 5.91800468131
0.6 5.93322258332
0.61 5.94831851016
0.62 5.96329376082
0.63 5.97814967153
0.64 5.99288760859
0.65 6.00750896194
0.66 6.0220151395
0.67 6.03640756211
0.68 6.05068765906
0.69 6.06485686416
0.7 6.07891661219
0.71 6.09286833581
0.72 6.10671346283
0.73 6.12045341377
0.74 6.13408959979
0.75 6.14762342078
0.76 6.1610562638
0.77 6.17438950162
0.78 6.18762449158
0.79 6.20076257451
0.8 6.2138050739
0.81 6.22675329511
0.82 6.23960852484
0.83 6.25237203061
0.84 6.26504506035
0.85 6.27762884218
0.86 6.29012458415
0.87 6.30253347415
0.88 6.3148566798
0.89 6.3270953485
0.9 6.33925060746
0.91 6.35132356381
0.92 6.36331530471
0.93 6.37522689756
0.94 6.38705939021
0.95 6.39881381118
0.96 6.41049116992
0.97 6.42209245712
0.98 6.43361864496
0.99 6.44507068749
