# Compound indole-3-acetyl-myo-inositol

0.0 5.41645026553
0.01 5.34016188277
0.02 5.25480364812
0.03 5.20458704242
0.04 5.16338465194
0.05 5.12605907243
0.06 5.0910010681
0.07 5.05772468444
0.08 5.02616513636
0.09 4.99613293523
0.1 4.96783945988
0.11 4.93979653758
0.12 4.91380475835
0.13 4.89436910213
0.14 4.87920923284
0.15 4.86691751974
0.16 4.85663715775
0.17 4.84784016397
0.18 4.84019123825
0.19 4.8334679431
0.2 4.82751477994
0.21 4.82221695802
0.22 4.81748540724
0.23 4.81324814587
0.24 4.80944521728
0.25 4.80602562563
0.26 4.80294539427
0.27 4.80016626166
0.28 4.7976547481
0.29 4.79538144684
0.3 4.79332045916
0.31 4.79144892823
0.32 4.78974664591
0.33 4.78819571648
0.34 4.78678026705
0.35 4.78548619702
0.36 4.784300961
0.37 4.7832133805
0.38 4.78221348033
0.39 4.78129234651
0.4 4.78044200264
0.41 4.7796553022
0.42 4.77892583464
0.43 4.77824784333
0.44 4.77761615373
0.45 4.77702611042
0.46 4.77647352169
0.47 4.77595461082
0.48 4.77546597301
0.49 4.7750045373
0.5 4.77456753279
0.51 4.77415245863
0.52 4.7737570573
0.53 4.77337929075
0.54 4.77301731913
0.55 4.77266948159
0.56 4.77233427927
0.57 4.77201035977
0.58 4.77169650338
0.59 4.77139161052
0.6 4.77109469047
0.61 4.77080485114
0.62 4.77052128987
0.63 4.77024328502
0.64 4.7699701884
0.65 4.76970141838
0.66 4.7694364536
0.67 4.76917482733
0.68 4.76891612223
0.69 4.76865996569
0.7 4.76840602553
0.71 4.76815400606
0.72 4.76790364457
0.73 4.76765470805
0.74 4.76740699029
0.75 4.76716030911
0.76 4.766914504
0.77 4.76666943383
0.78 4.76642497483
0.79 4.76618101878
0.8 4.76593747129
0.81 4.7656942503
0.82 4.76545128468
0.83 4.76520851299
0.84 4.76496588232
0.85 4.76472334729
0.86 4.7644808691
0.87 4.76423841468
0.88 4.76399595595
0.89 4.76375346915
0.9 4.76351093417
0.91 4.76326833408
0.92 4.76302565459
0.93 4.76278288359
0.94 4.76254001082
0.95 4.7622970275
0.96 4.76205392601
0.97 4.76181069961
0.98 4.76156734226
0.99 4.76132384836
