# Compound salicin

0.0 7.40923466765
0.01 8.60969223175
0.02 8.99719369978
0.03 9.43820808957
0.04 9.93657107906
0.05 10.5057950115
0.06 11.1714464611
0.07 11.8417068626
0.08 12.7165683494
0.09 13.6653730099
0.1 9.49463332737
0.11 7.6564090369
0.12 8.87096457871
0.13 9.67121119352
0.14 10.1785719408
0.15 10.4931989837
0.16 10.6848582335
0.17 10.7992287885
0.18 10.8653839368
0.19 10.9015716337
0.2 10.9191675293
0.21 10.9252417486
0.22 10.9241842112
0.23 10.9187209694
0.24 10.910545954
0.25 10.9007127222
0.26 10.889877274
0.27 10.8784486341
0.28 10.8666823173
0.29 10.8547383888
0.3 10.842717549
0.31 10.8306835582
0.32 10.818677164
0.33 10.8067247372
0.34 10.7948436167
0.35 10.7830454086
0.36 10.7713380182
0.37 10.7597268992
0.38 10.7482158231
0.39 10.7368073558
0.4 10.7255031575
0.41 10.7143041765
0.42 10.7032107812
0.43 10.6922228543
0.44 10.6813398659
0.45 10.6705609332
0.46 10.6598848723
0.47 10.649310244
0.48 10.6388353956
0.49 10.6284584988
0.5 10.6181775842
0.51 10.6079905721
0.52 10.5978953009
0.53 10.5878895517
0.54 10.5779710698
0.55 10.5681375841
0.56 10.5583868228
0.57 10.5487165279
0.58 10.5391244664
0.59 10.5296084398
0.6 10.5201662924
0.61 10.5107959174
0.62 10.5014952614
0.63 10.4922623288
0.64 10.4830951839
0.65 10.4739919531
0.66 10.4649508257
0.67 10.4559700546
0.68 10.4470479559
0.69 10.4381829086
0.7 10.4293733537
0.71 10.4206177933
0.72 10.4119147886
0.73 10.4032629589
0.74 10.39466098
0.75 10.3861075819
0.76 10.3776015475
0.77 10.3691417103
0.78 10.3607269529
0.79 10.3523562047
0.8 10.3440284406
0.81 10.3357426783
0.82 10.3274979772
0.83 10.3192934365
0.84 10.311128193
0.85 10.3030014199
0.86 10.294912325
0.87 10.286860149
0.88 10.2788441644
0.89 10.2708636733
0.9 10.2629180068
0.91 10.2550065231
0.92 10.2471286062
0.93 10.2392836653
0.94 10.2314711328
0.95 10.2236904637
0.96 10.2159411343
0.97 10.2082226413
0.98 10.2005345006
0.99 10.1928762468
