# Compound Sucrose

0.0 1.97796949869
0.01 2.66078530183
0.02 3.27209872353
0.03 3.69816745236
0.04 4.02414169138
0.05 4.28295992016
0.06 4.4935233199
0.07 4.66748937648
0.08 4.81391649184
0.09 4.93830596826
0.1 5.04469309365
0.11 5.11311876443
0.12 5.09858309395
0.13 5.11620911248
0.14 5.15259888501
0.15 5.19886756824
0.16 5.24965152904
0.17 5.30186611083
0.18 5.3537915346
0.19 5.40449715879
0.2 5.45350271544
0.21 5.50058510543
0.22 5.54566925803
0.23 5.58876608569
0.24 5.62993653413
0.25 5.66927015814
0.26 5.70687193774
0.27 5.74285392086
0.28 5.77732981249
0.29 5.81041144498
0.3 5.84220649963
0.31 5.87281708754
0.32 5.90233893213
0.33 5.9308609762
0.34 5.95846528702
0.35 5.98522716768
0.36 6.01121540662
0.37 6.03649261568
0.38 6.06111561994
0.39 6.08513587292
0.4 6.10859987817
0.41 6.13154960435
0.42 6.15402288492
0.43 6.17605379683
0.44 6.19767301514
0.45 6.21890814192
0.46 6.23978400898
0.47 6.26032295519
0.48 6.28054507901
0.49 6.30046846785
0.5 6.32010940565
0.51 6.3394825603
0.52 6.35860115256
0.53 6.37747710802
0.54 6.39612119365
0.55 6.41454314038
0.56 6.432751753
0.57 6.45075500866
0.58 6.46856014511
0.59 6.48617373964
0.6 6.50360177974
0.61 6.52084972634
0.62 6.53792257027
0.63 6.5548248828
0.64 6.57156086078
0.65 6.58813436699
0.66 6.60454896614
0.67 6.62080795705
0.68 6.63691440138
0.69 6.65287114927
0.7 6.66868086218
0.71 6.68434603333
0.72 6.69986900588
0.73 6.71525198911
0.74 6.73049707293
0.75 6.74560624069
0.76 6.76058138065
0.77 6.77542429619
0.78 6.79013671484
0.79 6.80472029633
0.8 6.81917663977
0.81 6.83350728997
0.82 6.84771374304
0.83 6.86179745143
0.84 6.87575982828
0.85 6.88960225135
0.86 6.90332606645
0.87 6.9169325905
0.88 6.93042311415
0.89 6.9437989042
0.9 6.9570612056
0.91 6.9702112433
0.92 6.98325022385
0.93 6.99617933673
0.94 7.0089997556
0.95 7.02171263936
0.96 7.03431913301
0.97 7.04682036847
0.98 7.05921746526
0.99 7.0715115311
