# Compound pyridoxine

0.0 8.17154393275
0.01 7.22316180535
0.02 6.8551746961
0.03 6.44178691313
0.04 5.98066977657
0.05 5.46332874917
0.06 4.87276857018
0.07 4.27716733652
0.08 3.53539618319
0.09 2.74021814805
0.1 1.65148375842
0.11 4.37486701079
0.12 4.44962904856
0.13 4.41138351351
0.14 4.35109423366
0.15 4.29694596499
0.16 4.25576048071
0.17 4.22726137275
0.18 4.20916747763
0.19 4.19898575778
0.2 4.19457911233
0.21 4.19428134836
0.22 4.19685551756
0.23 4.20140982531
0.24 4.20731346732
0.25 4.21412600797
0.26 4.22154264032
0.27 4.22935360877
0.28 4.23741497903
0.29 4.24562800035
0.3 4.25392475085
0.31 4.26225826894
0.32 4.27059583175
0.33 4.27891441084
0.34 4.28719761732
0.35 4.29543365596
0.36 4.30361395679
0.37 4.31173225862
0.38 4.31978399153
0.39 4.3277658565
0.4 4.33567553427
0.41 4.34351147895
0.42 4.35127276734
0.43 4.35895898514
0.44 4.36657013794
0.45 4.37410657942
0.46 4.38156895176
0.47 4.38895813516
0.48 4.39627520457
0.49 4.40352139213
0.5 4.41069805465
0.51 4.41780664522
0.52 4.42484868873
0.53 4.43182576063
0.54 4.43873946878
0.55 4.44559143791
0.56 4.45238329653
0.57 4.45911666596
0.58 4.46579315114
0.59 4.47241433324
0.6 4.47898176358
0.61 4.48549695881
0.62 4.49196139723
0.63 4.498376516
0.64 4.50474370905
0.65 4.51106432581
0.66 4.51733967036
0.67 4.5235710011
0.68 4.52975953084
0.69 4.53590642714
0.7 4.54201281296
0.71 4.54807976747
0.72 4.55410832706
0.73 4.56009948647
0.74 4.5660542
0.75 4.57197338279
0.76 4.57785791215
0.77 4.58370862894
0.78 4.5895263389
0.79 4.59531181406
0.8 4.6010657941
0.81 4.60678898765
0.82 4.61248207366
0.83 4.61814570266
0.84 4.623780498
0.85 4.6293870571
0.86 4.6349659526
0.87 4.64051773352
0.88 4.64604292632
0.89 4.65154203597
0.9 4.65701554697
0.91 4.6624639243
0.92 4.66788761435
0.93 4.67328704581
0.94 4.67866263052
0.95 4.68401476425
0.96 4.68934382752
0.97 4.69465018628
0.98 4.69993419265
0.99 4.70519618555
