# Compound Linearalpha-glucan

0.0 4.88492590735
0.01 4.88492590735
0.02 4.88492590735
0.03 4.88492590735
0.04 4.88492590735
0.05 4.88492590735
0.06 4.88492590735
0.07 4.88492590735
0.08 4.88492590735
0.09 4.88492590735
0.1 4.88492590735
0.11 4.88492590735
0.12 4.88492590735
0.13 4.88492590735
0.14 4.88492590735
0.15 4.88492590735
0.16 4.88492590735
0.17 4.88492590735
0.18 4.88492590735
0.19 4.88492590735
0.2 4.88492590735
0.21 4.88492590735
0.22 4.88492590735
0.23 4.88492590735
0.24 4.88492590735
0.25 4.88492590735
0.26 4.88492590735
0.27 4.88492590735
0.28 4.88492590735
0.29 4.88492590735
0.3 4.88492590735
0.31 4.88492590735
0.32 4.88492590735
0.33 4.88492590735
0.34 4.88492590735
0.35 4.88492590735
0.36 4.88492590735
0.37 4.88492590735
0.38 4.88492590735
0.39 4.88492590735
0.4 4.88492590735
0.41 4.88492590735
0.42 4.88492590735
0.43 4.88492590735
0.44 4.88492590735
0.45 4.88492590735
0.46 4.88492590735
0.47 4.88492590735
0.48 4.88492590735
0.49 4.88492590735
0.5 4.88492590735
0.51 4.88492590735
0.52 4.88492590735
0.53 4.88492590735
0.54 4.88492590735
0.55 4.88492590735
0.56 4.88492590735
0.57 4.88492590735
0.58 4.88492590735
0.59 4.88492590735
0.6 4.88492590735
0.61 4.88492590735
0.62 4.88492590735
0.63 4.88492590735
0.64 4.88492590735
0.65 4.88492590735
0.66 4.88492590735
0.67 4.88492590735
0.68 4.88492590735
0.69 4.88492590735
0.7 4.88492590735
0.71 4.88492590735
0.72 4.88492590735
0.73 4.88492590735
0.74 4.88492590735
0.75 4.88492590735
0.76 4.88492590735
0.77 4.88492590735
0.78 4.88492590735
0.79 4.88492590735
0.8 4.88492590735
0.81 4.88492590735
0.82 4.88492590735
0.83 4.88492590735
0.84 4.88492590735
0.85 4.88492590735
0.86 4.88492590735
0.87 4.88492590735
0.88 4.88492590735
0.89 4.88492590735
0.9 4.88492590735
0.91 4.88492590735
0.92 4.88492590735
0.93 4.88492590735
0.94 4.88492590735
0.95 4.88492590735
0.96 4.88492590735
0.97 4.88492590735
0.98 4.88492590735
0.99 4.88492590735
