# Compound 1,5-anhydro-D-fructose

0.0 4.11817991141
0.01 3.9929620584
0.02 3.86823018139
0.03 3.76540383324
0.04 3.67560205965
0.05 3.59470421892
0.06 3.52027607861
0.07 3.45075607738
0.08 3.38509418646
0.09 3.3225486104
0.1 3.26259060361
0.11 3.20476513868
0.12 3.14885826482
0.13 3.09485868118
0.14 3.04272811456
0.15 2.99238784347
0.16 2.94373109665
0.17 2.89664072337
0.18 2.85100188017
0.19 2.80670893039
0.2 2.7636681762
0.21 2.72179812773
0.22 2.68102853283
0.23 2.64129891505
0.24 2.60255702772
0.25 2.56475742077
0.26 2.5278601979
0.27 2.49182997886
0.28 2.45663505298
0.29 2.42224669837
0.3 2.3886386392
0.31 2.35578661543
0.32 2.3236680424
0.33 2.29226174211
0.34 2.26154773076
0.35 2.23150705077
0.36 2.20212163753
0.37 2.17337421331
0.38 2.14524820251
0.39 2.11772766345
0.4 2.09079723307
0.41 2.06444208182
0.42 2.03864787624
0.43 2.01340074778
0.44 1.98868726634
0.45 1.96449441752
0.46 1.94080958276
0.47 1.91762052182
0.48 1.89491535701
0.49 1.87268255883
0.5 1.85091093281
0.51 1.82958960724
0.52 1.80870802168
0.53 1.78825591611
0.54 1.76822332056
0.55 1.74860054534
0.56 1.72937817157
0.57 1.71054704213
0.58 1.69209825297
0.59 1.67402314471
0.6 1.65631329456
0.61 1.63896050851
0.62 1.62195681383
0.63 1.60529445178
0.64 1.58896587063
0.65 1.57296371887
0.66 1.55728083874
0.67 1.54191025988
0.68 1.52684519333
0.69 1.51207902563
0.7 1.49760531323
0.71 1.48341777705
0.72 1.46951029728
0.73 1.4558769083
0.74 1.44251179386
0.75 1.42940928244
0.76 1.41656384271
0.77 1.40397007924
0.78 1.39162272833
0.79 1.37951665399
0.8 1.36764684409
0.81 1.35600840666
0.82 1.34459656628
0.83 1.33340666067
0.84 1.32243413733
0.85 1.31167455042
0.86 1.30112355757
0.87 1.29077691703
0.88 1.28063048474
0.89 1.27068021156
0.9 1.26092214069
0.91 1.25135240503
0.92 1.24196722475
0.93 1.23276290488
0.94 1.22373583304
0.95 1.21488247716
0.96 1.20619938342
0.97 1.19768317407
0.98 1.18933054551
0.99 1.18113826634
