# Compound Alpha-D-glucose

0.0 1.58900960467
0.01 1.62115986638
0.02 1.65311408543
0.03 1.68487345725
0.04 1.71643916995
0.05 1.74781240441
0.06 1.7789943343
0.07 1.80998612614
0.08 1.84078893933
0.09 1.87140392621
0.1 1.9018322321
0.11 1.9320749953
0.12 1.96213334721
0.13 1.99200841232
0.14 2.02170130824
0.15 2.05121314579
0.16 2.08054502902
0.17 2.10969805522
0.18 2.13867331502
0.19 2.16747189239
0.2 2.19609486467
0.21 2.22454330265
0.22 2.2528182706
0.23 2.28092082629
0.24 2.30885202102
0.25 2.33661289971
0.26 2.36420450089
0.27 2.39162785677
0.28 2.41888399325
0.29 2.44597393
0.3 2.47289868044
0.31 2.49965925183
0.32 2.52625664529
0.33 2.55269185583
0.34 2.57896587238
0.35 2.60507967787
0.36 2.63103424922
0.37 2.65683055737
0.38 2.68246956738
0.39 2.7079522384
0.4 2.73327952375
0.41 2.7584523709
0.42 2.78347172159
0.43 2.80833851179
0.44 2.83305367177
0.45 2.85761812611
0.46 2.88203279379
0.47 2.90629858815
0.48 2.93041641698
0.49 2.95438718253
0.5 2.97821178154
0.51 3.0018911053
0.52 3.02542603965
0.53 3.04881746503
0.54 3.07206625652
0.55 3.09517328386
0.56 3.11813941148
0.57 3.14096549855
0.58 3.16365239899
0.59 3.18620096152
0.6 3.20861202968
0.61 3.23088644187
0.62 3.25302503139
0.63 3.27502862643
0.64 3.29689805015
0.65 3.31863412068
0.66 3.34023765119
0.67 3.36170944985
0.68 3.38305031992
0.69 3.40426105977
0.7 3.4253424629
0.71 3.44629531796
0.72 3.46712040879
0.73 3.48781851448
0.74 3.50839040932
0.75 3.52883686293
0.76 3.5491586402
0.77 3.56935650137
0.78 3.58943120204
0.79 3.60938349321
0.8 3.6292141213
0.81 3.64892382818
0.82 3.66851335117
0.83 3.68798342313
0.84 3.70733477244
0.85 3.72656812303
0.86 3.74568419441
0.87 3.76468370174
0.88 3.78356735576
0.89 3.80233586294
0.9 3.82098992539
0.91 3.83953024096
0.92 3.85795750326
0.93 3.87627240164
0.94 3.89447562126
0.95 3.91256784312
0.96 3.93054974404
0.97 3.94842199672
0.98 3.96618526977
0.99 3.98384022771
