# Compound oligoglycosylglucose

0.0 9.17943145633
0.01 10.1284543085
0.02 10.0129205642
0.03 10.0390826024
0.04 10.1010362384
0.05 10.1636494326
0.06 10.2171179029
0.07 10.2596883615
0.08 10.2923416907
0.09 10.3165633168
0.1 10.3339077044
0.11 10.3440067998
0.12 10.3536887434
0.13 10.353801074
0.14 10.3453953678
0.15 10.3307336541
0.16 10.3119080758
0.17 10.2905066116
0.18 10.2676392184
0.19 10.2440524706
0.2 10.2202402419
0.21 10.1965275175
0.22 10.1731279237
0.23 10.150181423
0.24 10.1277785491
0.25 10.1059759805
0.26 10.0848066893
0.27 10.0642867185
0.28 10.0444198526
0.29 10.0252009421
0.3 10.0066183418
0.31 9.98865574228
0.32 9.97129356895
0.33 9.95451005987
0.34 9.93828209969
0.35 9.92258586302
0.36 9.90739730751
0.37 9.8926925476
0.38 9.87844813315
0.39 9.86464125252
0.4 9.85124987577
0.41 9.83825285086
0.42 9.82562996301
0.43 9.81336196568
0.44 9.80143058986
0.45 9.78981853693
0.46 9.77850945949
0.47 9.7674879335
0.48 9.75673942432
0.49 9.74625024883
0.5 9.73600753512
0.51 9.72599918107
0.52 9.7162138127
0.53 9.70664074298
0.54 9.69726993158
0.55 9.68809194601
0.56 9.67909792426
0.57 9.67027953918
0.58 9.66162896468
0.59 9.65313884372
0.6 9.64480225821
0.61 9.63661270061
0.62 9.62856404737
0.63 9.62065053402
0.64 9.61286673183
0.65 9.60520752606
0.66 9.59766809562
0.67 9.59024389407
0.68 9.58293063197
0.69 9.57572426032
0.7 9.56862095522
0.71 9.56161710349
0.72 9.55470928932
0.73 9.54789428181
0.74 9.54116902333
0.75 9.5345306187
0.76 9.52797632507
0.77 9.52150354245
0.78 9.51510980499
0.79 9.50879277266
0.8 9.50255022364
0.81 9.49638004711
0.82 9.49028023656
0.83 9.48424888352
0.84 9.47828417169
0.85 9.47238437145
0.86 9.46654783475
0.87 9.46077299026
0.88 9.45505833891
0.89 9.44940244967
0.9 9.44380395557
0.91 9.43826155
0.92 9.43277398328
0.93 9.42734005935
0.94 9.42195863273
0.95 9.41662860568
0.96 9.41134892548
0.97 9.40611858192
0.98 9.40093660491
0.99 9.39580206228
