# Compound A2-deoxy-D-glucoside

0.0 2.97744117905
0.01 2.72850795397
0.02 2.80483221206
0.03 2.84117782319
0.04 2.86097177981
0.05 2.87563975014
0.06 2.88893185839
0.07 2.90203818552
0.08 2.91519390978
0.09 2.92838149762
0.1 2.94148025049
0.11 2.95493232605
0.12 2.96669281187
0.13 2.98016988201
0.14 2.99530735007
0.15 3.01157002299
0.16 3.02842261294
0.17 3.04545848332
0.18 3.06240320305
0.19 3.07908432433
0.2 3.09539961345
0.21 3.11129247483
0.22 3.12673507872
0.23 3.14171745738
0.24 3.15624068074
0.25 3.17031264424
0.26 3.18394546816
0.27 3.19715387083
0.28 3.20995412697
0.29 3.22236337982
0.3 3.2343991716
0.31 3.24607911334
0.32 3.25742064759
0.33 3.26844087615
0.34 3.27915643506
0.35 3.28958340558
0.36 3.29973725276
0.37 3.30963278589
0.38 3.31928413599
0.39 3.32870474672
0.4 3.33790737585
0.41 3.34690410464
0.42 3.35570635331
0.43 3.36432490098
0.44 3.37276990871
0.45 3.38105094463
0.46 3.38917701041
0.47 3.39715656824
0.48 3.40499756808
0.49 3.41270747454
0.5 3.42029329326
0.51 3.42776159657
0.52 3.43511854817
0.53 3.4423699269
0.54 3.44952114943
0.55 3.45657729181
0.56 3.46354310998
0.57 3.4704230592
0.58 3.47722131236
0.59 3.4839417773
0.6 3.49058811312
0.61 3.49716374553
0.62 3.50367188127
0.63 3.51011552173
0.64 3.51649747564
0.65 3.52282037111
0.66 3.52908666681
0.67 3.53529866253
0.68 3.54145850915
0.69 3.54756821784
0.7 3.55362966882
0.71 3.55964461959
0.72 3.56561471254
0.73 3.57154148219
0.74 3.57742636197
0.75 3.58327069058
0.76 3.58907571792
0.77 3.59484261074
0.78 3.60057245789
0.79 3.60626627525
0.8 3.61192501038
0.81 3.61754954692
0.82 3.62314070865
0.83 3.62869926338
0.84 3.63422592656
0.85 3.63972136468
0.86 3.64518619848
0.87 3.65062100599
0.88 3.65602632532
0.89 3.66140265734
0.9 3.66675046819
0.91 3.67207019162
0.92 3.6773622312
0.93 3.68262696242
0.94 3.68786473463
0.95 3.69307587285
0.96 3.69826067954
0.97 3.70341943619
0.98 3.70855240485
0.99 3.71365982956
