# Compound D-glucose1-phosphate

0.0 1.40037151105
0.01 1.92009488043
0.02 2.5097190127
0.03 2.8829427788
0.04 3.15518577892
0.05 3.37547113725
0.06 3.56347599007
0.07 3.72881510524
0.08 3.8765304382
0.09 4.01147594938
0.1 4.13529600833
0.11 4.26170890584
0.12 4.37507951066
0.13 4.45154954215
0.14 4.5080324359
0.15 4.55352221577
0.16 4.59286378795
0.17 4.62872507249
0.18 4.66262439895
0.19 4.69546473284
0.2 4.7278114078
0.21 4.76003702328
0.22 4.79239786343
0.23 4.8250751488
0.24 4.85819824689
0.25 4.89185857474
0.26 4.92611860855
0.27 4.96101821528
0.28 4.99657941464
0.29 5.03281013156
0.3 5.06970723199
0.31 5.10725900727
0.32 5.14544721102
0.33 5.18424872341
0.34 5.22363690202
0.35 5.26358266942
0.36 5.30405538063
0.37 5.34502350812
0.38 5.38645517668
0.39 5.4283185757
0.4 5.47058227247
0.41 5.51321544573
0.42 5.55618805582
0.43 5.5994709647
0.44 5.64303601651
0.45 5.68685608761
0.46 5.73090511302
0.47 5.77515809495
0.48 5.81959109779
0.49 5.86418123324
0.5 5.90890663827
0.51 5.95374644803
0.52 5.99868076548
0.53 6.04369062894
0.54 6.0887579786
0.55 6.13386562266
0.56 6.17899720364
0.57 6.22413716533
0.58 6.26927072049
0.59 6.3143838196
0.6 6.35946312081
0.61 6.40449596096
0.62 6.44947032784
0.63 6.49437483371
0.64 6.53919868986
0.65 6.58393168243
0.66 6.62856414916
0.67 6.67308695728
0.68 6.71749148225
0.69 6.76176958748
0.7 6.80591360482
0.71 6.84991631589
0.72 6.89377093412
0.73 6.93747108748
0.74 6.98101080181
0.75 7.02438448486
0.76 7.06758691076
0.77 7.11061320511
0.78 7.15345883059
0.79 7.19611957293
0.8 7.2385915275
0.81 7.28087108615
0.82 7.32295492466
0.83 7.36483999043
0.84 7.40652349061
0.85 7.44800288066
0.86 7.48927585317
0.87 7.53034032715
0.88 7.5711944375
0.89 7.61183652503
0.9 7.65226512663
0.91 7.69247896581
0.92 7.73247694366
0.93 7.77225812993
0.94 7.8118217546
0.95 7.85116719963
0.96 7.89029399108
0.97 7.92920179142
0.98 7.96789039225
0.99 8.00635970719
