# Compound phenylthioacetohydroximate

0.0 2.07601061797
0.01 1.77960376928
0.02 1.67465468624
0.03 1.55748570404
0.04 1.42788586976
0.05 1.28392284681
0.06 1.12158576639
0.07 0.961140842352
0.08 0.764518078038
0.09 0.559780822422
0.1 1.28671853968
0.11 1.52145854653
0.12 1.3324269918
0.13 1.20139087963
0.14 1.11590581832
0.15 1.061950882
0.16 1.02873010139
0.17 1.00880576643
0.18 0.997293781971
0.19 0.991063422832
0.2 0.988133886245
0.21 0.987260965195
0.22 0.987666247978
0.23 0.988863753469
0.24 0.990550345917
0.25 0.99253695672
0.26 0.994705588808
0.27 0.996982497278
0.28 0.999321480587
0.29 1.00169347874
0.3 1.0040801022
0.31 1.0064696096
0.32 1.00885441046
0.33 1.01122951723
0.34 1.01359158748
0.35 1.01593833257
0.36 1.01826815297
0.37 1.02057991333
0.38 1.02287280332
0.39 1.02514625053
0.4 1.02739986501
0.41 1.02963340258
0.42 1.03184673944
0.43 1.03403985342
0.44 1.03621280917
0.45 1.03836574583
0.46 1.0404988663
0.47 1.04261242759
0.48 1.04470673211
0.49 1.04678211976
0.5 1.04883896076
0.51 1.05087764913
0.52 1.05289859695
0.53 1.0549022292
0.54 1.05688897926
0.55 1.05885928501
0.56 1.06081358545
0.57 1.06275231786
0.58 1.06467591535
0.59 1.06658480493
0.6 1.06847940581
0.61 1.07036012812
0.62 1.07222737189
0.63 1.07408152622
0.64 1.07592296874
0.65 1.07775206519
0.66 1.07956916917
0.67 1.08137462203
0.68 1.08316875282
0.69 1.08495187844
0.7 1.08672430369
0.71 1.08848632154
0.72 1.09023821335
0.73 1.0919802492
0.74 1.09371268812
0.75 1.09543577854
0.76 1.09714975853
0.77 1.09885485623
0.78 1.10055129019
0.79 1.10223926975
0.8 1.10391899537
0.81 1.10559065905
0.82 1.1072544446
0.83 1.10891052809
0.84 1.11055907809
0.85 1.11220025607
0.86 1.1138342167
0.87 1.11546110812
0.88 1.1170810723
0.89 1.11869424529
0.9 1.12030075749
0.91 1.12190073396
0.92 1.12349429461
0.93 1.12508155447
0.94 1.12666262396
0.95 1.12823760904
0.96 1.12980661149
0.97 1.13136972905
0.98 1.13292705566
0.99 1.13447868162
