# Compound 5,7,3',4'-tetrahydroxyflavone

0.0 3.1392014979
0.01 3.10281070176
0.02 3.29236017954
0.03 3.49841291844
0.04 3.72138763066
0.05 3.95678716752
0.06 4.19600149128
0.07 4.45564076103
0.08 4.6767031649
0.09 4.88357962582
0.1 4.95120636804
0.11 8.67436193362
0.12 8.95376872029
0.13 9.1337804188
0.14 9.2562252764
0.15 9.34201700137
0.16 9.40325002453
0.17 9.44756092184
0.18 9.4800212331
0.19 9.50409858029
0.2 9.5222060667
0.21 9.53604223559
0.22 9.54681213002
0.23 9.55537554496
0.24 9.56234846716
0.25 9.56817346505
0.26 9.57316905348
0.27 9.57756460933
0.28 9.58152524343
0.29 9.58516962424
0.3 9.58858281477
0.31 9.59182555563
0.32 9.59494099891
0.33 9.59795960361
0.34 9.60090269865
0.35 9.6037850766
0.36 9.60661688031
0.37 9.60940497236
0.38 9.61215392614
0.39 9.61486673994
0.4 9.61754534823
0.41 9.62019098509
0.42 9.62280443978
0.43 9.62538623416
0.44 9.62793674371
0.45 9.63045627809
0.46 9.63294513296
0.47 9.63540362164
0.48 9.63783209278
0.49 9.64023093851
0.5 9.64260059635
0.51 9.64494154711
0.52 9.64725431042
0.53 9.64953943893
0.54 9.65179751209
0.55 9.65402912984
0.56 9.6562349066
0.57 9.65841546575
0.58 9.66057143472
0.59 9.66270344058
0.6 9.66481210637
0.61 9.66689804795
0.62 9.66896187136
0.63 9.67100417072
0.64 9.67302552656
0.65 9.67502650447
0.66 9.67700765416
0.67 9.67896950877
0.68 9.68091258443
0.69 9.68283738
0.7 9.68474437703
0.71 9.68663403978
0.72 9.68850681549
0.73 9.69036313456
0.74 9.69220341101
0.75 9.69402804277
0.76 9.69583741226
0.77 9.69763188679
0.78 9.69941181906
0.79 9.70117754777
0.8 9.70292939806
0.81 9.70466768206
0.82 9.70639269946
0.83 9.70810473798
0.84 9.70980407389
0.85 9.71149097254
0.86 9.71316568881
0.87 9.7148284676
0.88 9.71647954428
0.89 9.71811914513
0.9 9.71974748777
0.91 9.72136478153
0.92 9.72297122788
0.93 9.7245670208
0.94 9.72615234711
0.95 9.72772738681
0.96 9.72929231343
0.97 9.73084729433
0.98 9.73239249095
0.99 9.73392805917
