# Compound Strictosidine

0.0 0.6793016098
0.01 0.725574518435
0.02 0.828219763528
0.03 0.909799540712
0.04 0.977549893111
0.05 1.03855193681
0.06 1.09515971251
0.07 1.14821863293
0.08 1.19801353939
0.09 1.24487155621
0.1 1.28875550597
0.11 1.33105730032
0.12 1.37005884232
0.13 1.40334717146
0.14 1.43292694274
0.15 1.45990703569
0.16 1.4849115741
0.17 1.50830942977
0.18 1.53033471922
0.19 1.55114873757
0.2 1.57087171531
0.21 1.58959926361
0.22 1.60741107956
0.23 1.6243757268
0.24 1.6405534071
0.25 1.65599768427
0.26 1.67075664392
0.27 1.68487373392
0.28 1.69838841124
0.29 1.71133666163
0.3 1.72375142899
0.31 1.73566297624
0.32 1.74709919189
0.33 1.75808585215
0.34 1.76864684618
0.35 1.77880437043
0.36 1.7885790969
0.37 1.79799031931
0.38 1.8070560807
0.39 1.81579328505
0.4 1.82421779554
0.41 1.83234452119
0.42 1.8401874937
0.43 1.84775993583
0.44 1.85507432249
0.45 1.86214243556
0.46 1.8689754132
0.47 1.87558379448
0.48 1.88197755971
0.49 1.88816616732
0.5 1.89415858729
0.51 1.89996333194
0.52 1.90558848407
0.53 1.91104172283
0.54 1.91633034771
0.55 1.92146130053
0.56 1.92644118601
0.57 1.93127629068
0.58 1.93597260057
0.59 1.94053581768
0.6 1.94497137534
0.61 1.9492844525
0.62 1.95347998721
0.63 1.95756268921
0.64 1.96153705166
0.65 1.96540736232
0.66 1.9691777139
0.67 1.97285201391
0.68 1.9764339939
0.69 1.97992721819
0.7 1.98333509206
0.71 1.98666086956
0.72 1.98990766083
0.73 1.99307843907
0.74 1.99617604707
0.75 1.99920320349
0.76 2.00216250872
0.77 2.00505645048
0.78 2.00788740911
0.79 2.01065766263
0.8 2.01336939148
0.81 2.01602468306
0.82 2.01862553607
0.83 2.02117386454
0.84 2.02367150178
0.85 2.02612020402
0.86 2.02852165397
0.87 2.03087746417
0.88 2.03318918011
0.89 2.03545828333
0.9 2.03768619426
0.91 2.03987427501
0.92 2.04202383191
0.93 2.04413611808
0.94 2.04621233576
0.95 2.04825363858
0.96 2.0502611337
0.97 2.05223588391
0.98 2.05417890952
0.99 2.05609119028
