# Compound dolichylphosphate

0.0 6.18917632003
0.01 6.13238628313
0.02 6.15428166104
0.03 6.19437230842
0.04 6.24432702183
0.05 6.29701270741
0.06 6.34537415007
0.07 6.40180848275
0.08 6.4264498729
0.09 6.4365420382
0.1 6.34675744934
0.11 3.29221341428
0.12 4.41133797943
0.13 5.30796862515
0.14 6.05123021088
0.15 6.67801953052
0.16 7.21164712983
0.17 7.66862052222
0.18 8.06147026418
0.19 8.40010587827
0.2 8.69256253606
0.21 8.94546298642
0.22 9.16432910707
0.23 9.35380495051
0.24 9.51782305451
0.25 9.65973203723
0.26 9.78239656645
0.27 9.88827696543
0.28 9.97949343609
0.29 10.0578784359
0.3 10.1250197867
0.31 10.1822964349
0.32 10.2309083199
0.33 10.2719014687
0.34 10.3061891916
0.35 10.3345700667
0.36 10.3577432616
0.37 10.3763216353
0.38 10.3908429764
0.39 10.4017796712
0.4 10.4095470432
0.41 10.4145105622
0.42 10.4169920892
0.43 10.4172752974
0.44 10.4156103848
0.45 10.4122181776
0.46 10.4072937086
0.47 10.4010093412
0.48 10.3935175001
0.49 10.3849530609
0.5 10.3754354428
0.51 10.3650704437
0.52 10.3539518496
0.53 10.3421628487
0.54 10.3297772731
0.55 10.316860691
0.56 10.3034713679
0.57 10.2896611123
0.58 10.2754760207
0.59 10.2609571349
0.6 10.2461410203
0.61 10.2310602771
0.62 10.2157439913
0.63 10.2002181321
0.64 10.1845059044
0.65 10.1686280587
0.66 10.1526031663
0.67 10.1364478621
0.68 10.1201770597
0.69 10.1038041414
0.7 10.0873411271
0.71 10.0707988231
0.72 10.0541869547
0.73 10.0375142835
0.74 10.0207887111
0.75 10.0040173716
0.76 9.98720671359
0.77 9.9703625727
0.78 9.95349023639
0.79 9.93659450129
0.8 9.91967972439
0.81 9.9027498684
0.82 9.88580854225
0.83 9.86885903713
0.84 9.85190435856
0.85 9.83494725502
0.86 9.81799024351
0.87 9.80103563228
0.88 9.78408554124
0.89 9.7671419201
0.9 9.75020656463
0.91 9.73328113124
0.92 9.71636715001
0.93 9.69946603629
0.94 9.68257910128
0.95 9.66570756133
0.96 9.64885254641
0.97 9.63201510771
0.98 9.61519622444
0.99 9.59839680996
