# Compound coniferylalcohol

0.0 7.50473320302
0.01 7.3477964593
0.02 7.27799293853
0.03 7.19622625817
0.04 7.10059723305
0.05 6.98813493406
0.06 6.85439647222
0.07 6.70603626091
0.08 6.52387049478
0.09 6.31609370807
0.1 6.0566685247
0.11 5.45254610988
0.12 5.23390113143
0.13 5.02113919835
0.14 4.81860421078
0.15 4.62754541022
0.16 4.44814196118
0.17 4.28015310197
0.18 4.12315184647
0.19 3.97662237352
0.2 3.84000808859
0.21 3.71273891903
0.22 3.59424811847
0.23 3.48398288898
0.24 3.38141100805
0.25 3.28602476503
0.26 3.19734306264
0.27 3.11491226891
0.28 3.03830622604
0.29 2.96712569974
0.3 2.90099746707
0.31 2.83957318074
0.32 2.78252810604
0.33 2.72955979709
0.34 2.68038675841
0.35 2.63474712303
0.36 2.59239736817
0.37 2.55311108184
0.38 2.51667778873
0.39 2.48290183966
0.4 2.45160136664
0.41 2.42260730326
0.42 2.39576246929
0.43 2.37092071715
0.44 2.34794613763
0.45 2.32671232176
0.46 2.30710167564
0.47 2.2890047849
0.48 2.27231982561
0.49 2.25695201849
0.5 2.24281312331
0.51 2.22982097067
0.52 2.21789902846
0.53 2.2069760003
0.54 2.1969854537
0.55 2.1878654757
0.56 2.17955835382
0.57 2.17201028047
0.58 2.16517107904
0.59 2.15899395003
0.6 2.15343523559
0.61 2.14845420129
0.62 2.14401283358
0.63 2.14007565188
0.64 2.13660953424
0.65 2.13358355542
0.66 2.13096883654
0.67 2.12873840547
0.68 2.12686706709
0.69 2.12533128267
0.7 2.12410905784
0.71 2.12317983835
0.72 2.12252441314
0.73 2.12212482418
0.74 2.12196428254
0.75 2.12202709036
0.76 2.12229856808
0.77 2.12276498681
0.78 2.12341350526
0.79 2.12423211101
0.8 2.12520956583
0.81 2.12633535462
0.82 2.12759963794
0.83 2.12899320769
0.84 2.13050744574
0.85 2.13213428547
0.86 2.13386617573
0.87 2.1356960474
0.88 2.137617282
0.89 2.13962368254
0.9 2.14170944624
0.91 2.14386913906
0.92 2.14609767192
0.93 2.14839027855
0.94 2.15074249468
0.95 2.15315013874
0.96 2.15560929371
0.97 2.15811629021
0.98 2.16066769073
0.99 2.16326027481
