# Compound indole-3-acetyl-beta-1-D-glucose

0.0 2.1253264601
0.01 2.23860535141
0.02 2.26102609989
0.03 2.28921430418
0.04 2.32435832012
0.05 2.36924170602
0.06 2.42861551715
0.07 2.49356992237
0.08 2.59092217207
0.09 2.70877401834
0.1 2.89724985418
0.11 4.49256068071
0.12 3.96130366262
0.13 3.57640837872
0.14 3.28778804263
0.15 3.06728599215
0.16 2.89690420382
0.17 2.76420129115
0.18 2.66018231
0.19 2.57817521648
0.2 2.51315459668
0.21 2.46129779528
0.22 2.41967701646
0.23 2.38603832971
0.24 2.3586395972
0.25 2.33612988664
0.26 2.31745881659
0.27 2.3018078623
0.28 2.28853797143
0.29 2.27714940849
0.3 2.2672508391
0.31 2.25853544083
0.32 2.25076238686
0.33 2.24374245697
0.34 2.23732683173
0.35 2.23139834989
0.36 2.22586467728
0.37 2.22065296267
0.38 2.21570565259
0.39 2.21097721112
0.4 2.20643154705
0.41 2.20203999493
0.42 2.19777973001
0.43 2.19363252339
0.44 2.18958376418
0.45 2.18562169123
0.46 2.18173678946
0.47 2.17792131547
0.48 2.17416892483
0.49 2.17047437913
0.5 2.16683331586
0.51 2.16324206755
0.52 2.15969751972
0.53 2.15619699925
0.54 2.15273818666
0.55 2.14931904721
0.56 2.1459377767
0.57 2.14259275892
0.58 2.13928253207
0.59 2.13600576235
0.6 2.13276122317
0.61 2.12954777863
0.62 2.12636437045
0.63 2.12321000763
0.64 2.12008375808
0.65 2.11698474199
0.66 2.11391212639
0.67 2.11086512077
0.68 2.1078429734
0.69 2.10484496834
0.7 2.10187042285
0.71 2.09891868519
0.72 2.09598913274
0.73 2.09308117033
0.74 2.09019422873
0.75 2.08732776332
0.76 2.08448125285
0.77 2.08165419831
0.78 2.07884612188
0.79 2.07605656594
0.8 2.07328509214
0.81 2.0705312805
0.82 2.06779472861
0.83 2.06507505077
0.84 2.06237187729
0.85 2.05968485373
0.86 2.05701364019
0.87 2.05435791066
0.88 2.05171735237
0.89 2.04909166519
0.9 2.04648056102
0.91 2.04388376326
0.92 2.04130100622
0.93 2.03873203466
0.94 2.03617660328
0.95 2.03363447625
0.96 2.03110542674
0.97 2.02858923654
0.98 2.02608569561
0.99 2.0235946017
