# Compound D-glucono-1,5-lactone

0.0 9.21832264033
0.01 9.40712191085
0.02 8.82969658931
0.03 8.31205861832
0.04 7.90561789623
0.05 7.59161717294
0.06 7.3487047754
0.07 7.15905089603
0.08 7.00873212501
0.09 6.88826097777
0.1 6.78929504934
0.11 6.71370062279
0.12 6.64680955641
0.13 6.56985384344
0.14 6.49228898584
0.15 6.41879554398
0.16 6.35132372434
0.17 6.29038415927
0.18 6.23578604011
0.19 6.18703603496
0.2 6.14354341124
0.21 6.10471897178
0.22 6.0700178675
0.23 6.03895399547
0.24 6.0111008942
0.25 5.98608690458
0.26 5.96358846668
0.27 5.94332335108
0.28 5.92504455935
0.29 5.90853510886
0.3 5.89360368256
0.31 5.88008103493
0.32 5.86781702373
0.33 5.85667814613
0.34 5.84654547643
0.35 5.83731292315
0.36 5.82888574153
0.37 5.82117925204
0.38 5.81411772728
0.39 5.80763341839
0.4 5.80166569845
0.41 5.79616030552
0.42 5.79106867108
0.43 5.78634732272
0.44 5.78195735181
0.45 5.77786393807
0.46 5.77403592479
0.47 5.77044543873
0.48 5.76706754987
0.49 5.76387996672
0.5 5.76086276334
0.51 5.7579981347
0.52 5.75527017742
0.53 5.75266469324
0.54 5.75016901276
0.55 5.74777183744
0.56 5.74546309793
0.57 5.74323382693
0.58 5.74107604527
0.59 5.73898265961
0.6 5.73694737072
0.61 5.73496459116
0.62 5.73302937146
0.63 5.73113733378
0.64 5.7292846124
0.65 5.72746780037
0.66 5.72568390147
0.67 5.72393028721
0.68 5.72220465806
0.69 5.72050500881
0.7 5.71882959725
0.71 5.71717691617
0.72 5.71554566818
0.73 5.71393474297
0.74 5.71234319703
0.75 5.71077023529
0.76 5.70921519465
0.77 5.70767752924
0.78 5.70615679704
0.79 5.70465264794
0.8 5.703164813
0.81 5.70169309472
0.82 5.70023735839
0.83 5.69879752424
0.84 5.69737356038
0.85 5.69596547654
0.86 5.69457331836
0.87 5.69319716227
0.88 5.69183711094
0.89 5.69049328916
0.9 5.68916584016
0.91 5.68785492231
0.92 5.68656070615
0.93 5.68528337177
0.94 5.68402310644
0.95 5.68278010248
0.96 5.68155455542
0.97 5.68034666233
0.98 5.67915662031
0.99 5.67798462522
