# Compound phosphate

0.0 8.98557111932
0.01 8.42067229803
0.02 7.5400168007
0.03 6.882574832
0.04 6.47273918603
0.05 6.21392120384
0.06 6.05370026415
0.07 5.95844470739
0.08 5.91279398701
0.09 5.90717795907
0.1 5.93672495443
0.11 5.95284544165
0.12 5.87437474378
0.13 5.8679803526
0.14 5.86682495391
0.15 5.851246941
0.16 5.81919311665
0.17 5.77405918227
0.18 5.72008099286
0.19 5.66083459081
0.2 5.59893749706
0.21 5.5361588488
0.22 5.47362623359
0.23 5.41201883532
0.24 5.35171741197
0.25 5.29291117806
0.26 5.23567029794
0.27 5.17999347441
0.28 5.12583843872
0.29 5.07314108649
0.3 5.0218272446
0.31 4.97181973616
0.32 4.9230424877
0.33 4.87542279974
0.34 4.82889249309
0.35 4.78338837866
0.36 4.73885232986
0.37 4.69523112978
0.38 4.6524761986
0.39 4.61054326454
0.4 4.56939201609
0.41 4.52898575712
0.42 4.4892910768
0.43 4.45027754033
0.44 4.41191740318
0.45 4.37418534906
0.46 4.33705825134
0.47 4.30051495628
0.48 4.2645360869
0.49 4.22910386556
0.5 4.19420195377
0.51 4.15981530765
0.52 4.12593004759
0.53 4.09253334069
0.54 4.05961329485
0.55 4.02715886331
0.56 3.99515975865
0.57 3.96360637535
0.58 3.93248971998
0.59 3.90180134845
0.6 3.87153330942
0.61 3.84167809343
0.62 3.81222858717
0.63 3.78317803225
0.64 3.75451998828
0.65 3.72624829958
0.66 3.69835706543
0.67 3.67084061325
0.68 3.64369347465
0.69 3.616910364
0.7 3.5904861592
0.71 3.56441588453
0.72 3.53869469545
0.73 3.51331786489
0.74 3.48828077125
0.75 3.46357888767
0.76 3.43920777253
0.77 3.41516306113
0.78 3.39144045832
0.79 3.36803573209
0.8 3.34494470796
0.81 3.32216326409
0.82 3.29968732711
0.83 3.27751286847
0.84 3.25563590136
0.85 3.23405247817
0.86 3.21275868826
0.87 3.19175065619
0.88 3.17102454025
0.89 3.15057653135
0.9 3.13040285207
0.91 3.11049975601
0.92 3.09086352734
0.93 3.07149048053
0.94 3.05237696014
0.95 3.03351934091
0.96 3.01491402775
0.97 2.99655745604
0.98 2.97844609179
0.99 2.96057643203
