# Compound 2-deoxy-D-glucose6-phosphate

0.0 1.32864150992
0.01 1.25243165903
0.02 1.28791502781
0.03 1.30597130281
0.04 1.31475511522
0.05 1.31966136601
0.06 1.32286789797
0.07 1.3253650841
0.08 1.3276010928
0.09 1.3298792395
0.1 1.33237519319
0.11 1.3356890978
0.12 1.33820283477
0.13 1.34125806092
0.14 1.34505715327
0.15 1.34937728037
0.16 1.35393524725
0.17 1.35850082681
0.18 1.36291529381
0.19 1.3670800411
0.2 1.37093970196
0.21 1.37446761859
0.22 1.3776552344
0.23 1.38050494412
0.24 1.38302549321
0.25 1.38522910526
0.26 1.38712972698
0.27 1.38874197461
0.28 1.39008051251
0.29 1.39115969484
0.3 1.39199336613
0.31 1.39259475747
0.32 1.39297643997
0.33 1.39315031264
0.34 1.39312761061
0.35 1.39291892537
0.36 1.39253423189
0.37 1.39198291927
0.38 1.39127382309
0.39 1.39041525817
0.4 1.38941505076
0.41 1.38828056992
0.42 1.38701875751
0.43 1.38563615674
0.44 1.38413893922
0.45 1.38253293026
0.46 1.38082363263
0.47 1.37901624876
0.48 1.37711570132
0.49 1.37512665239
0.5 1.37305352121
0.51 1.37090050061
0.52 1.36867157223
0.53 1.36637052052
0.54 1.3640009457
0.55 1.36156627579
0.56 1.35906977754
0.57 1.3565145667
0.58 1.35390361736
0.59 1.35123977062
0.6 1.34852574261
0.61 1.34576413184
0.62 1.34295742602
0.63 1.3401080084
0.64 1.33721816355
0.65 1.33429008276
0.66 1.33132586904
0.67 1.32832754175
0.68 1.32529704085
0.69 1.32223623096
0.7 1.31914690497
0.71 1.31603078756
0.72 1.31288953836
0.73 1.30972475495
0.74 1.30653797567
0.75 1.30333068221
0.76 1.30010430206
0.77 1.29686021077
0.78 1.29359973415
0.79 1.29032415024
0.8 1.28703469121
0.81 1.28373254518
0.82 1.28041885788
0.83 1.27709473422
0.84 1.27376123985
0.85 1.27041940255
0.86 1.26707021358
0.87 1.26371462899
0.88 1.26035357082
0.89 1.25698792827
0.9 1.25361855883
0.91 1.25024628931
0.92 1.24687191687
0.93 1.24349620998
0.94 1.24011990938
0.95 1.23674372892
0.96 1.23336835646
0.97 1.22999445469
0.98 1.22662266188
0.99 1.2232535927
