# Compound nicotinate

0.0 2.27390984112
0.01 1.96218892298
0.02 1.87010425826
0.03 1.76404880146
0.04 1.64274111013
0.05 1.5020959674
0.06 1.33462256414
0.07 1.16503901567
0.08 0.937552781865
0.09 0.687981215986
0.1 1.87240811509
0.11 2.36110320164
0.12 2.05208054214
0.13 1.8439050383
0.14 1.71012275627
0.15 1.62638924537
0.16 1.57504529206
0.17 1.54427035932
0.18 1.526431012
0.19 1.51668488236
0.2 1.51198806529
0.21 1.51043585173
0.22 1.51083881718
0.23 1.51245470241
0.24 1.51482025342
0.25 1.51764618296
0.26 1.52075167042
0.27 1.52402353499
0.28 1.52739078465
0.29 1.53080874652
0.3 1.53424917113
0.31 1.53769406405
0.32 1.54113184433
0.33 1.54455495558
0.34 1.54795838324
0.35 1.55133873639
0.36 1.55469368017
0.37 1.55802158525
0.38 1.56132131067
0.39 1.56459206844
0.4 1.56783333752
0.41 1.57104480759
0.42 1.57422634052
0.43 1.5773779424
0.44 1.58049974184
0.45 1.58359197212
0.46 1.58665495573
0.47 1.5896890907
0.48 1.59269483828
0.49 1.59567271164
0.5 1.5986232658
0.51 1.60154708843
0.52 1.60444479168
0.53 1.60731700494
0.54 1.61016436846
0.55 1.61298752786
0.56 1.61578712934
0.57 1.6185638157
0.58 1.6213182229
0.59 1.62405097729
0.6 1.6267626933
0.61 1.62945397164
0.62 1.63212539783
0.63 1.63477754114
0.64 1.63741095377
0.65 1.64002617035
0.66 1.64262370759
0.67 1.64520406415
0.68 1.64776772064
0.69 1.65031513978
0.7 1.65284676661
0.71 1.6553630288
0.72 1.65786433709
0.73 1.66035108566
0.74 1.66282365261
0.75 1.66528240053
0.76 1.66772767692
0.77 1.67015981481
0.78 1.67257913322
0.79 1.67498593778
0.8 1.6773805212
0.81 1.67976316383
0.82 1.68213413419
0.83 1.68449368944
0.84 1.68684207592
0.85 1.68917952959
0.86 1.69150627656
0.87 1.69382253346
0.88 1.69612850793
0.89 1.69842439902
0.9 1.7007103976
0.91 1.70298668674
0.92 1.70525344206
0.93 1.70751083212
0.94 1.70975901874
0.95 1.71199815731
0.96 1.71422839712
0.97 1.71644988163
0.98 1.71866274877
0.99 1.72086713119
