# Compound daphnin

0.0 4.96915123795
0.01 5.04073957758
0.02 4.98252933309
0.03 4.92216757423
0.04 4.86061760355
0.05 4.8018538296
0.06 4.75304609985
0.07 4.70261154492
0.08 4.69324829099
0.09 4.70877879851
0.1 4.83785811003
0.11 3.23772557899
0.12 2.97902239943
0.13 2.81727395715
0.14 2.71038103217
0.15 2.63749967376
0.16 2.58681883919
0.17 2.55102686427
0.18 2.52535250292
0.19 2.50658902998
0.2 2.49254661722
0.21 2.48171758457
0.22 2.47306028036
0.23 2.4658548775
0.24 2.45960522571
0.25 2.45397120936
0.26 2.44872173497
0.27 2.44370186012
0.28 2.43880971032
0.29 2.43398022145
0.3 2.42917367128
0.31 2.42436758833
0.32 2.41955105223
0.33 2.41472069272
0.34 2.40987789752
0.35 2.40502688097
0.36 2.40017336517
0.37 2.39532369567
0.38 2.39048426437
0.39 2.38566114782
0.4 2.3808598952
0.41 2.37608541898
0.42 2.37134195436
0.43 2.36663306383
0.44 2.36196166988
0.45 2.35733010403
0.46 2.35274016438
0.47 2.34819317588
0.48 2.34369005008
0.49 2.33923134195
0.5 2.33481730257
0.51 2.33044792693
0.52 2.32612299679
0.53 2.32184211842
0.54 2.31760475575
0.55 2.31341025896
0.56 2.30925788916
0.57 2.30514683943
0.58 2.30107625266
0.59 2.29704523658
0.6 2.29305287633
0.61 2.2890982449
0.62 2.28518041178
0.63 2.28129844997
0.64 2.27745144168
0.65 2.27363848292
0.66 2.26985868706
0.67 2.26611118765
0.68 2.26239514051
0.69 2.25870972524
0.7 2.25505414633
0.71 2.25142763378
0.72 2.24782944347
0.73 2.24425885724
0.74 2.24071518275
0.75 2.2371977532
0.76 2.23370592684
0.77 2.23023908649
0.78 2.22679663887
0.79 2.22337801391
0.8 2.21998266406
0.81 2.21661006346
0.82 2.21325970721
0.83 2.20993111058
0.84 2.2066238082
0.85 2.20333735327
0.86 2.20007131683
0.87 2.19682528694
0.88 2.19359886802
0.89 2.19039168005
0.9 2.18720335791
0.91 2.18403355072
0.92 2.18088192116
0.93 2.17774814487
0.94 2.17463190983
0.95 2.17153291578
0.96 2.16845087371
0.97 2.16538550526
0.98 2.1623365423
0.99 2.15930372639
