# Compound 4'-O-beta-D-glucosyl-cis-p-coumarate

0.0 3.51375588657
0.01 4.04646595672
0.02 4.25656187615
0.03 4.48882936083
0.04 4.7426005257
0.05 5.01844306129
0.06 5.31799280984
0.07 5.61349534314
0.08 5.93913979385
0.09 6.25894214729
0.1 6.60906712298
0.11 6.59933901768
0.12 6.61246793847
0.13 6.64096523959
0.14 6.66877846034
0.15 6.69148248858
0.16 6.70861212629
0.17 6.72092774851
0.18 6.72943424649
0.19 6.73504998172
0.2 6.73851938901
0.21 6.74041350858
0.22 6.74115785727
0.23 6.74106456172
0.24 6.7403607541
0.25 6.73921123383
0.26 6.73773564873
0.27 6.73602114717
0.28 6.73413153563
0.29 6.73211384003
0.3 6.7300029818
0.31 6.72782510422
0.32 6.72559994008
0.33 6.72334250211
0.34 6.72106429525
0.35 6.71877419152
0.36 6.71647906621
0.37 6.71418426439
0.38 6.71189394661
0.39 6.70961134748
0.4 6.70733897153
0.41 6.70507874301
0.42 6.70283212201
0.43 6.70060019524
0.44 6.69838374795
0.45 6.69618332131
0.46 6.69399925869
0.47 6.69183174319
0.48 6.68968082833
0.49 6.6875464632
0.5 6.68542851327
0.51 6.68332677755
0.52 6.68124100279
0.53 6.6791708953
0.54 6.67711613069
0.55 6.67507636203
0.56 6.67305122654
0.57 6.67104035108
0.58 6.66904335674
0.59 6.66705986257
0.6 6.66508948859
0.61 6.66313185824
0.62 6.66118660037
0.63 6.65925335075
0.64 6.65733175334
0.65 6.65542146114
0.66 6.65352213693
0.67 6.65163345375
0.68 6.64975509518
0.69 6.64788675557
0.7 6.64602814011
0.71 6.64417896476
0.72 6.64233895623
0.73 6.64050785177
0.74 6.63868539901
0.75 6.63687135568
0.76 6.6350654894
0.77 6.63326757733
0.78 6.63147740594
0.79 6.62969477063
0.8 6.62791947546
0.81 6.62615133281
0.82 6.62439016304
0.83 6.62263579423
0.84 6.6208880618
0.85 6.61914680825
0.86 6.61741188283
0.87 6.61568314126
0.88 6.61396044544
0.89 6.61224366319
0.9 6.61053266797
0.91 6.6088273386
0.92 6.60712755906
0.93 6.60543321823
0.94 6.60374420964
0.95 6.60206043129
0.96 6.60038178543
0.97 6.59870817832
0.98 6.59703952011
0.99 6.59537572459
