# Compound asterol

0.0 4.65925540238
0.01 4.17277678106
0.02 3.97388406758
0.03 3.75082224563
0.04 3.50295469747
0.05 3.22823571409
0.06 2.92318302503
0.07 2.61339006413
0.08 2.26323958046
0.09 1.9068599746
0.1 1.50532645617
0.11 0.338101751909
0.12 0.547281657591
0.13 0.679480820935
0.14 0.765636398355
0.15 0.822944413215
0.16 0.861628960764
0.17 0.888075244418
0.18 0.906402285539
0.19 0.919320900539
0.2 0.928636227256
0.21 0.935558020761
0.22 0.940899250619
0.23 0.945206213459
0.24 0.948845078936
0.25 0.952060034698
0.26 0.955012612494
0.27 0.957808404193
0.28 0.9605152605
0.29 0.963175703309
0.3 0.965815390505
0.31 0.968448879803
0.32 0.971083541335
0.33 0.973722200507
0.34 0.97636491034
0.35 0.979010127941
0.36 0.981655484282
0.37 0.984298277611
0.38 0.986935780272
0.39 0.98956542064
0.4 0.992184882508
0.41 0.994792150825
0.42 0.997385523453
0.43 0.999963602158
0.44 1.0025252717
0.45 1.00506967282
0.46 1.00759617286
0.47 1.01010433641
0.48 1.01259389729
0.49 1.01506473273
0.5 1.01751684008
0.51 1.01995031611
0.52 1.0223653389
0.53 1.02476215214
0.54 1.02714105163
0.55 1.02950237372
0.56 1.03184648563
0.57 1.03417377711
0.58 1.03648465367
0.59 1.03877953074
0.6 1.04105882903
0.61 1.04332297052
0.62 1.04557237539
0.63 1.0478074594
0.64 1.05002863182
0.65 1.05223629388
0.66 1.05443083744
0.67 1.05661264411
0.68 1.05878208452
0.69 1.06093951783
0.7 1.06308529145
0.71 1.06521974086
0.72 1.06734318957
0.73 1.06945594914
0.74 1.07155831936
0.75 1.07365058838
0.76 1.07573303299
0.77 1.07780591888
0.78 1.07986950094
0.79 1.08192402356
0.8 1.08396972104
0.81 1.08600681786
0.82 1.08803552907
0.83 1.09005606065
0.84 1.09206860985
0.85 1.09407336555
0.86 1.09607050859
0.87 1.09806021214
0.88 1.10004264199
0.89 1.10201795688
0.9 1.10398630886
0.91 1.10594784351
0.92 1.10790270029
0.93 1.10985101281
0.94 1.11179290908
0.95 1.11372851179
0.96 1.11565793852
0.97 1.11758130205
0.98 1.11949871051
0.99 1.12141026764
