# Compound 7,8-dihydroxycoumarin

0.0 2.03608899835
0.01 1.96450065871
0.02 2.0227109032
0.03 2.08307266206
0.04 2.14462263274
0.05 2.20338640669
0.06 2.25219413644
0.07 2.30262869138
0.08 2.3119919453
0.09 2.29646143778
0.1 2.16738212626
0.11 3.7675146573
0.12 4.02621783686
0.13 4.18796627914
0.14 4.29485920412
0.15 4.36774056253
0.16 4.4184213971
0.17 4.45421337202
0.18 4.47988773337
0.19 4.49865120631
0.2 4.51269361907
0.21 4.52352265172
0.22 4.53217995593
0.23 4.5393853588
0.24 4.54563501058
0.25 4.55126902693
0.26 4.55651850132
0.27 4.56153837617
0.28 4.56643052597
0.29 4.57126001484
0.3 4.57606656501
0.31 4.58087264796
0.32 4.58568918406
0.33 4.59051954357
0.34 4.59536233877
0.35 4.60021335532
0.36 4.60506687112
0.37 4.60991654062
0.38 4.61475597192
0.39 4.61957908847
0.4 4.62438034109
0.41 4.62915481731
0.42 4.63389828193
0.43 4.63860717246
0.44 4.64327856642
0.45 4.64791013226
0.46 4.65250007191
0.47 4.65704706041
0.48 4.66155018621
0.49 4.66600889434
0.5 4.67042293372
0.51 4.67479230936
0.52 4.6791172395
0.53 4.68339811787
0.54 4.68763548054
0.55 4.69182997734
0.56 4.69598234713
0.57 4.70009339686
0.58 4.70416398363
0.59 4.70819499971
0.6 4.71218735996
0.61 4.71614199139
0.62 4.72005982451
0.63 4.72394178632
0.64 4.72778879461
0.65 4.73160175337
0.66 4.73538154923
0.67 4.73912904864
0.68 4.74284509578
0.69 4.74653051105
0.7 4.75018608996
0.71 4.75381260251
0.72 4.75741079282
0.73 4.76098137905
0.74 4.76452505354
0.75 4.7680424831
0.76 4.77153430945
0.77 4.7750011498
0.78 4.77844359742
0.79 4.78186222238
0.8 4.78525757223
0.81 4.78863017283
0.82 4.79198052908
0.83 4.79530912571
0.84 4.79861642809
0.85 4.80190288302
0.86 4.80516891947
0.87 4.80841494935
0.88 4.81164136827
0.89 4.81484855624
0.9 4.81803687838
0.91 4.82120668557
0.92 4.82435831513
0.93 4.82749209142
0.94 4.83060832646
0.95 4.83370732051
0.96 4.83678936258
0.97 4.83985473103
0.98 4.84290369399
0.99 4.8459365099
