# Compound UTP

0.0 2.50242784121
0.01 2.22210683524
0.02 2.38299402158
0.03 2.57039617414
0.04 2.78895974905
0.05 3.04608299792
0.06 3.35238030696
0.07 3.68976158742
0.08 4.10272525593
0.09 4.56488179474
0.1 5.12252434878
0.11 3.64572738925
0.12 5.37255941681
0.13 6.5351424973
0.14 7.33077049985
0.15 7.89522937975
0.16 8.31356735913
0.17 8.63773433795
0.18 8.89946280041
0.19 9.11835693775
0.2 9.30674071768
0.21 9.47252756432
0.22 9.6209223852
0.23 9.7554400621
0.24 9.87852248501
0.25 9.99191766697
0.26 10.0969161644
0.27 10.1945007627
0.28 10.2854427038
0.29 10.3703645021
0.3 10.4497815939
0.31 10.5241303957
0.32 10.5937875249
0.33 10.6590831997
0.34 10.7203107561
0.35 10.7777335437
0.36 10.8315900248
0.37 10.8820976279
0.38 10.9294557224
0.39 10.9738479646
0.4 11.0154441844
0.41 11.0544019325
0.42 11.0908677699
0.43 11.1249783577
0.44 11.1568613925
0.45 11.1866364151
0.46 11.2144155181
0.47 11.2403039686
0.48 11.2644007602
0.49 11.2867991052
0.5 11.3075868745
0.51 11.326846993
0.52 11.3446577966
0.53 11.3610933538
0.54 11.3762237585
0.55 11.3901153953
0.56 11.4028311813
0.57 11.4144307868
0.58 11.4249708376
0.59 11.4345050996
0.6 11.4430846491
0.61 11.4507580291
0.62 11.4575713937
0.63 11.4635686412
0.64 11.4687915375
0.65 11.4732798305
0.66 11.4770713563
0.67 11.4802021384
0.68 11.4827064795
0.69 11.4846170485
0.7 11.4859649605
0.71 11.4867798529
0.72 11.4870899565
0.73 11.4869221622
0.74 11.4863020844
0.75 11.4852541205
0.76 11.4838015068
0.77 11.4819663725
0.78 11.4797697897
0.79 11.4772318215
0.8 11.4743715678
0.81 11.4712072086
0.82 11.467756045
0.83 11.4640345394
0.84 11.4600583521
0.85 11.4558423781
0.86 11.4514007807
0.87 11.446747025
0.88 11.4418939087
0.89 11.4368535925
0.9 11.4316376286
0.91 11.4262569886
0.92 11.4207220897
0.93 11.41504282
0.94 11.4092285627
0.95 11.4032882198
0.96 11.3972302337
0.97 11.3910626089
0.98 11.3847929328
0.99 11.3784283947
