# Compound 4-hydroxymandelonitrile

0.0 0.435899531365
0.01 0.410817419643
0.02 0.56887473871
0.03 0.737340972797
0.04 0.914926568796
0.05 1.09536845203
0.06 1.26747803467
0.07 1.44594579607
0.08 1.56618278272
0.09 1.65003774223
0.1 1.56058952468
0.11 4.39066436122
0.12 4.7521002918
0.13 4.96704837599
0.14 5.10155681768
0.15 5.18806891586
0.16 5.24463005834
0.17 5.28209198336
0.18 5.30727943141
0.19 5.3245872373
0.2 5.33687685691
0.21 5.3460176218
0.22 5.35322839276
0.23 5.35929882934
0.24 5.36473477908
0.25 5.36985458343
0.26 5.37485315344
0.27 5.37984469175
0.28 5.38489118692
0.29 5.39002139299
0.3 5.39524343003
0.31 5.40055310176
0.32 5.40593933622
0.33 5.41138769567
0.34 5.41688259369
0.35 5.42240865096
0.36 5.42795148099
0.37 5.4334981034
0.38 5.43903711766
0.39 5.44455872688
0.4 5.45005467174
0.41 5.45551811395
0.42 5.4609434954
0.43 5.46632638936
0.44 5.47166335415
0.45 5.47695179509
0.46 5.48218983818
0.47 5.48737621672
0.48 5.49251017109
0.49 5.49759136139
0.5 5.50261979185
0.51 5.50759574609
0.52 5.51251973197
0.53 5.51739243489
0.54 5.52221467861
0.55 5.52698739236
0.56 5.53171158346
0.57 5.53638831472
0.58 5.54101868568
0.59 5.54560381743
0.6 5.55014484006
0.61 5.55464288267
0.62 5.55909906528
0.63 5.5635144925
0.64 5.56789024849
0.65 5.57222739321
0.66 5.57652695945
0.67 5.58078995086
0.68 5.58501734042
0.69 5.58921006961
0.7 5.59336904789
0.71 5.59749515261
0.72 5.60158922915
0.73 5.60565209131
0.74 5.60968452184
0.75 5.61368727317
0.76 5.61766106816
0.77 5.621606601
0.78 5.62552453814
0.79 5.62941551919
0.8 5.63328015797
0.81 5.63711904346
0.82 5.6409327408
0.83 5.64472179225
0.84 5.64848671818
0.85 5.65222801798
0.86 5.65594617103
0.87 5.65964163754
0.88 5.66331485943
0.89 5.66696626122
0.9 5.67059625073
0.91 5.67420521996
0.92 5.67779354577
0.93 5.68136159061
0.94 5.68490970318
0.95 5.68843821915
0.96 5.69194746168
0.97 5.69543774209
0.98 5.69890936039
0.99 5.70236260585
