# Compound 2alpha-D-glucose1-phosphate

0.0 7.54218851026
0.01 7.54218851026
0.02 7.54218851026
0.03 7.54218851026
0.04 7.54218851026
0.05 7.54218851026
0.06 7.54218851026
0.07 7.54218851026
0.08 7.54218851026
0.09 7.54218851026
0.1 7.54218851026
0.11 7.54218851026
0.12 7.54218851026
0.13 7.54218851026
0.14 7.54218851026
0.15 7.54218851026
0.16 7.54218851026
0.17 7.54218851026
0.18 7.54218851026
0.19 7.54218851026
0.2 7.54218851026
0.21 7.54218851026
0.22 7.54218851026
0.23 7.54218851026
0.24 7.54218851026
0.25 7.54218851026
0.26 7.54218851026
0.27 7.54218851026
0.28 7.54218851026
0.29 7.54218851026
0.3 7.54218851026
0.31 7.54218851026
0.32 7.54218851026
0.33 7.54218851026
0.34 7.54218851026
0.35 7.54218851026
0.36 7.54218851026
0.37 7.54218851026
0.38 7.54218851026
0.39 7.54218851026
0.4 7.54218851026
0.41 7.54218851026
0.42 7.54218851026
0.43 7.54218851026
0.44 7.54218851026
0.45 7.54218851026
0.46 7.54218851026
0.47 7.54218851026
0.48 7.54218851026
0.49 7.54218851026
0.5 7.54218851026
0.51 7.54218851026
0.52 7.54218851026
0.53 7.54218851026
0.54 7.54218851026
0.55 7.54218851026
0.56 7.54218851026
0.57 7.54218851026
0.58 7.54218851026
0.59 7.54218851026
0.6 7.54218851026
0.61 7.54218851026
0.62 7.54218851026
0.63 7.54218851026
0.64 7.54218851026
0.65 7.54218851026
0.66 7.54218851026
0.67 7.54218851026
0.68 7.54218851026
0.69 7.54218851026
0.7 7.54218851026
0.71 7.54218851026
0.72 7.54218851026
0.73 7.54218851026
0.74 7.54218851026
0.75 7.54218851026
0.76 7.54218851026
0.77 7.54218851026
0.78 7.54218851026
0.79 7.54218851026
0.8 7.54218851026
0.81 7.54218851026
0.82 7.54218851026
0.83 7.54218851026
0.84 7.54218851026
0.85 7.54218851026
0.86 7.54218851026
0.87 7.54218851026
0.88 7.54218851026
0.89 7.54218851026
0.9 7.54218851026
0.91 7.54218851026
0.92 7.54218851026
0.93 7.54218851026
0.94 7.54218851026
0.95 7.54218851026
0.96 7.54218851026
0.97 7.54218851026
0.98 7.54218851026
0.99 7.54218851026
