# Compound 1-sinapoyl-D-glucose

0.0 9.21397472428
0.01 9.51764775927
0.02 9.52777224109
0.03 9.55090137678
0.04 9.59082355649
0.05 9.65707803135
0.06 9.76579826413
0.07 9.88646251403
0.08 10.1121997889
0.09 10.3972826178
0.1 10.9090546719
0.11 9.22671214034
0.12 8.73972915823
0.13 8.48072308347
0.14 8.33815946334
0.15 8.25848741382
0.16 8.21374787008
0.17 8.18851514273
0.18 8.1740065087
0.19 8.16515622836
0.2 8.15904782268
0.21 8.15402850839
0.22 8.14919218425
0.23 8.14407201801
0.24 8.13845617178
0.25 8.13227724055
0.26 8.12554624281
0.27 8.11831363346
0.28 8.1106466924
0.29 8.10261679133
0.3 8.09429256814
0.31 8.08573658623
0.32 8.07700400636
0.33 8.06814238224
0.34 8.05919204913
0.35 8.05018679345
0.36 8.04115462416
0.37 8.03211854715
0.38 8.02309729138
0.39 8.01410596347
0.4 8.00515662352
0.41 7.99625878328
0.42 7.98741983244
0.43 7.97864540055
0.44 7.96993966257
0.45 7.9613055958
0.46 7.95274519522
0.47 7.94425965363
0.48 7.93584951203
0.49 7.92751478489
0.5 7.91925506441
0.51 7.91106960718
0.52 7.90295740604
0.53 7.8949172496
0.54 7.8869477714
0.55 7.8790474905
0.56 7.87121484482
0.57 7.86344821844
0.58 7.85574596397
0.59 7.84810642063
0.6 7.8405279289
0.61 7.83300884226
0.62 7.82554753649
0.63 7.81814241699
0.64 7.81079192444
0.65 7.80349453902
0.66 7.79624878362
0.67 7.78905322596
0.68 7.78190648006
0.69 7.774807207
0.7 7.76775411524
0.71 7.76074596047
0.72 7.75378154513
0.73 7.74685971773
0.74 7.73997937186
0.75 7.73313944514
0.76 7.72633891798
0.77 7.71957681229
0.78 7.71285219009
0.79 7.70616415216
0.8 7.69951183656
0.81 7.69289441722
0.82 7.68631110252
0.83 7.6797611339
0.84 7.67324378441
0.85 7.66675835745
0.86 7.66030418534
0.87 7.65388062814
0.88 7.64748707232
0.89 7.64112292962
0.9 7.63478763586
0.91 7.62848064982
0.92 7.6222014522
0.93 7.61594954455
0.94 7.60972444834
0.95 7.60352570397
0.96 7.59735286988
0.97 7.59120552174
0.98 7.58508325153
0.99 7.57898566688
