# Compound glucose6-phosphate

0.0 1.20447276665
0.01 1.19047285585
0.02 1.19101070657
0.03 1.19281515674
0.04 1.19710393549
0.05 1.20375954539
0.06 1.21251232429
0.07 1.22309671575
0.08 1.23520179052
0.09 1.24892223325
0.1 1.2643110283
0.11 1.28673629815
0.12 1.29538461808
0.13 1.30205169432
0.14 1.30700007484
0.15 1.31034278707
0.16 1.31218130476
0.17 1.31263366275
0.18 1.31183191646
0.19 1.30991357237
0.2 1.30701406139
0.21 1.30326167107
0.22 1.29877467839
0.23 1.29366007394
0.24 1.28801332184
0.25 1.28191874248
0.26 1.27545023833
0.27 1.26867218372
0.28 1.26164036854
0.29 1.25440293125
0.3 1.24700124504
0.31 1.23947073879
0.32 1.23184164495
0.33 1.22413967311
0.34 1.21638661124
0.35 1.2086008589
0.36 1.20079789753
0.37 1.1929907033
0.38 1.18519010814
0.39 1.17740511439
0.4 1.16964316796
0.41 1.16191039484
0.42 1.15421180535
0.43 1.14655146981
0.44 1.13893266944
0.45 1.13135802543
0.46 1.12382960915
0.47 1.11634903595
0.48 1.1089175447
0.49 1.1015360652
0.5 1.09420527488
0.51 1.08692564654
0.52 1.07969748833
0.53 1.07252097703
0.54 1.06539618575
0.55 1.05832310675
0.56 1.0513016703
0.57 1.04433175995
0.58 1.037413225
0.59 1.03054589053
0.6 1.02372956534
0.61 1.01696404819
0.62 1.01024913267
0.63 1.00358461091
0.64 0.996970276231
0.65 0.990405925138
0.66 0.983891358596
0.67 0.977426382827
0.68 0.97101080969
0.69 0.964644456751
0.7 0.958327147102
0.71 0.95205870899
0.72 0.945838975322
0.73 0.939667783061
0.74 0.933544972566
0.75 0.927470386901
0.76 0.921443871118
0.77 0.915465271553
0.78 0.909534435133
0.79 0.903651208713
0.8 0.897815438437
0.81 0.89202696915
0.82 0.886285643844
0.83 0.880591303155
0.84 0.874943784898
0.85 0.869342923656
0.86 0.863788550414
0.87 0.858280492229
0.88 0.852818571956
0.89 0.847402608007
0.9 0.842032414151
0.91 0.836707799352
0.92 0.831428567645
0.93 0.826194518039
0.94 0.821005444451
0.95 0.815861135679
0.96 0.810761375384
0.97 0.805705942107
0.98 0.800694609307
0.99 0.795727145413
