# Compound UDP-galactose

0.0 4.7461779352
0.01 4.987793761
0.02 5.48915958666
0.03 6.10585641144
0.04 6.79814813426
0.05 7.56086249432
0.06 8.3984688252
0.07 9.24430057633
0.08 10.1824392106
0.09 11.1321329074
0.1 12.1680251603
0.11 14.0556686098
0.12 13.6097110397
0.13 13.2531435964
0.14 13.0094179856
0.15 12.8670851737
0.16 12.8048919469
0.17 12.801926173
0.18 12.8408845356
0.19 12.9085382156
0.2 12.9952115436
0.21 13.0940252555
0.22 13.2001868853
0.23 13.3104127974
0.24 13.4224881331
0.25 13.534944277
0.26 13.6468279613
0.27 13.757538513
0.28 13.8667143514
0.29 13.974154446
0.3 14.0797642924
0.31 14.1835189466
0.32 14.2854378577
0.33 14.3855678293
0.34 14.4839715631
0.35 14.5807200251
0.36 14.6758874235
0.37 14.7695479646
0.38 14.8617738156
0.39 14.9526338816
0.4 15.0421931282
0.41 15.1305122656
0.42 15.2176476703
0.43 15.303651456
0.44 15.3885716395
0.45 15.4724523587
0.46 15.5553341204
0.47 15.6372540569
0.48 15.7182461839
0.49 15.7983416498
0.5 15.8775689736
0.51 15.9559542694
0.52 16.0335214549
0.53 16.1102924454
0.54 16.1862873327
0.55 16.2615245487
0.56 16.3360210167
0.57 16.4097922892
0.58 16.4828526735
0.59 16.5552153475
0.6 16.6268924644
0.61 16.6978952486
0.62 16.7682340833
0.63 16.8379185898
0.64 16.9069577008
0.65 16.9753597262
0.66 17.0431324134
0.67 17.1102830026
0.68 17.1768182767
0.69 17.242744607
0.7 17.3080679948
0.71 17.3727941092
0.72 17.4369283215
0.73 17.5004757364
0.74 17.5634412208
0.75 17.6258294292
0.76 17.6876448277
0.77 17.7488917148
0.78 17.8095742407
0.79 17.8696964252
0.8 17.9292621731
0.81 17.9882752883
0.82 18.0467394869
0.83 18.1046584089
0.84 18.1620356279
0.85 18.218874661
0.86 18.2751789768
0.87 18.3309520027
0.88 18.3861971317
0.89 18.440917728
0.9 18.495117132
0.91 18.5487986651
0.92 18.6019656334
0.93 18.654621331
0.94 18.7067690432
0.95 18.7584120486
0.96 18.8095536216
0.97 18.8601970338
0.98 18.9103455555
0.99 18.9600024571
