# Compound phosphate

0.0 1.0
0.01 0.999719288621
0.02 0.999447067514
0.03 0.999182971614
0.04 0.998926652383
0.05 0.998677777108
0.06 0.998436028232
0.07 0.99820110271
0.08 0.997972711401
0.09 0.997750578488
0.1 0.997534440916
0.11 0.997324047867
0.12 0.997119160377
0.13 0.996919550951
0.14 0.996725003006
0.15 0.996535310377
0.16 0.996350276887
0.17 0.996169715948
0.18 0.995993450172
0.19 0.995821311007
0.2 0.995653138386
0.21 0.995488780392
0.22 0.995328092906
0.23 0.995170939295
0.24 0.995017190236
0.25 0.994866723368
0.26 0.994719423034
0.27 0.994575080732
0.28 0.994433381507
0.29 0.994294210932
0.3 0.994157459651
0.31 0.994023023155
0.32 0.99389080157
0.33 0.99376069946
0.34 0.993632625629
0.35 0.993506492935
0.36 0.993382218118
0.37 0.993259721626
0.38 0.993138927455
0.39 0.993019762992
0.4 0.99290215887
0.41 0.992786048821
0.42 0.992671369545
0.43 0.992558060576
0.44 0.99244606416
0.45 0.992335325137
0.46 0.992225790821
0.47 0.9921174109
0.48 0.992010137323
0.49 0.991903924207
0.5 0.991798727737
0.51 0.991694504356
0.52 0.991591396488
0.53 0.991489180086
0.54 0.991387819093
0.55 0.991287279088
0.56 0.991187527207
0.57 0.991088532078
0.58 0.990990263754
0.59 0.990892693649
0.6 0.990795794475
0.61 0.990699540189
0.62 0.990603905934
0.63 0.990508867986
0.64 0.990414403705
0.65 0.990320491485
0.66 0.990227110708
0.67 0.990134241699
0.68 0.990041865685
0.69 0.989949964752
0.7 0.989858521808
0.71 0.989767754294
0.72 0.989677528394
0.73 0.989587715372
0.74 0.989498301494
0.75 0.989409273663
0.76 0.989320619387
0.77 0.98923232675
0.78 0.989144384389
0.79 0.989056781466
0.8 0.988969507644
0.81 0.988882553066
0.82 0.98879590833
0.83 0.988709564467
0.84 0.988623512927
0.85 0.988537745553
0.86 0.988452254563
0.87 0.988367032536
0.88 0.988282072394
0.89 0.988197367385
0.9 0.988112911064
0.91 0.988028697287
0.92 0.987944720189
0.93 0.987860974173
0.94 0.987777453899
0.95 0.987694154269
0.96 0.987611070418
0.97 0.987528197701
0.98 0.987445531681
0.99 0.987363068122
1.0 0.987280802978
1.01 0.987198732382
1.02 0.98711685264
1.03 0.98703516022
1.04 0.986953651746
1.05 0.986872323989
1.06 0.986791173859
1.07 0.986710198401
1.08 0.986629394783
1.09 0.986548760296
1.1 0.986468292342
1.11 0.986387988434
1.12 0.986307846184
1.13 0.986227863304
1.14 0.986148037595
1.15 0.986068366948
1.16 0.985988849336
1.17 0.985909482808
1.18 0.98583026549
1.19 0.985751195576
1.2 0.985672271328
1.21 0.985593491069
1.22 0.985514853183
1.23 0.98543635611
1.24 0.98535799834
1.25 0.985279778417
1.26 0.98520169493
1.27 0.985123746513
1.28 0.98504593184
1.29 0.984968249628
1.3 0.984890698629
1.31 0.984813277629
1.32 0.984735985449
1.33 0.98465882094
1.34 0.984581782982
1.35 0.984504870482
1.36 0.984428082373
1.37 0.98435141761
1.38 0.984274875174
1.39 0.984198454062
1.4 0.984122153295
1.41 0.98404597191
1.42 0.98396990896
1.43 0.983893963515
1.44 0.98381813466
1.45 0.983742421491
1.46 0.98366682312
1.47 0.983591338668
1.48 0.983515967266
1.49 0.983440708058
1.5 0.983365560192
1.51 0.983290522829
1.52 0.983215595135
1.53 0.983140776282
1.54 0.983066065448
1.55 0.982991461819
1.56 0.982916964582
1.57 0.982842572932
1.58 0.982768286064
1.59 0.982694103179
1.6 0.982620023479
1.61 0.982546046169
1.62 0.982472170455
1.63 0.982398395546
1.64 0.982324720649
1.65 0.982251144976
1.66 0.982177667735
1.67 0.982104288137
1.68 0.982031005391
1.69 0.981957818706
1.7 0.98188472729
1.71 0.98181173035
1.72 0.98173882709
1.73 0.981666016716
1.74 0.981593298429
1.75 0.981520671428
1.76 0.981448134911
1.77 0.981375688074
1.78 0.981303330109
1.79 0.981231060206
1.8 0.981158877551
1.81 0.981086781328
1.82 0.981014770717
1.83 0.980942844896
1.84 0.980871003037
1.85 0.980799244311
1.86 0.980727567884
1.87 0.980655972917
1.88 0.980584458569
1.89 0.980513023993
1.9 0.980441668341
1.91 0.980370390756
1.92 0.980299190381
1.93 0.980228066351
1.94 0.980157017798
1.95 0.980086043851
1.96 0.980015143631
1.97 0.979944316256
1.98 0.979873560839
1.99 0.979802876488
2.0 0.979732262305
2.01 0.979661717387
2.02 0.979591240828
2.03 0.979520831713
2.04 0.979450489124
2.05 0.979380212137
2.06 0.979309999822
2.07 0.979239851245
2.08 0.979169765464
2.09 0.979099741532
2.1 0.979029778496
2.11 0.978959875399
2.12 0.978890031274
2.13 0.978820245152
2.14 0.978750516055
2.15 0.978680842999
2.16 0.978611224995
2.17 0.978541661046
2.18 0.97847215015
2.19 0.978402691297
2.2 0.978333283469
2.21 0.978263925645
2.22 0.978194616793
2.23 0.978125355877
2.24 0.978056141851
2.25 0.977986973664
2.26 0.977917850256
2.27 0.97784877056
2.28 0.977779733502
2.29 0.977710738
2.3 0.977641782963
2.31 0.977572867293
2.32 0.977503989883
2.33 0.977435149619
2.34 0.977366345377
2.35 0.977297576026
2.36 0.977228840425
2.37 0.977160137425
2.38 0.977091465867
2.39 0.977022824584
2.4 0.976954212398
2.41 0.976885628123
2.42 0.976817070564
2.43 0.976748538512
2.44 0.976680030754
2.45 0.976611546061
2.46 0.976543083197
2.47 0.976474640915
2.48 0.976406217957
2.49 0.976337813052
2.5 0.976269424921
2.51 0.976201052271
2.52 0.976132693798
2.53 0.976064348187
2.54 0.97599601411
2.55 0.975927690227
2.56 0.975859375184
2.57 0.975791067615
2.58 0.975722766143
2.59 0.975654469374
2.6 0.975586175902
2.61 0.975517884307
2.62 0.975449593155
2.63 0.975381300997
2.64 0.975313006369
2.65 0.975244707791
2.66 0.975176403771
2.67 0.975108092796
2.68 0.97503977334
2.69 0.974971443861
2.7 0.974903102798
2.71 0.974834748575
2.72 0.974766379596
2.73 0.974697994249
2.74 0.974629590902
2.75 0.974561167906
2.76 0.974492723591
2.77 0.974424256269
2.78 0.97435576423
2.79 0.974287245745
2.8 0.974218699064
2.81 0.974150122415
2.82 0.974081514004
2.83 0.974012872015
2.84 0.973944194608
2.85 0.973875479921
2.86 0.973806726066
2.87 0.973737931134
2.88 0.973669093186
2.89 0.973600210261
2.9 0.973531280371
2.91 0.973462301498
2.92 0.973393271602
2.93 0.973324188609
2.94 0.973255050419
2.95 0.973185854902
2.96 0.973116599898
2.97 0.973047283216
2.98 0.972977902631
2.99 0.972908455887
