# Compound 2,3-diphosphoglycerate

0.0 4.0
0.01 4.0
0.02 4.0
0.03 4.0
0.04 4.0
0.05 4.0
0.06 4.0
0.07 4.0
0.08 4.0
0.09 4.0
0.1 4.0
0.11 4.0
0.12 4.0
0.13 4.0
0.14 4.0
0.15 4.0
0.16 4.0
0.17 4.0
0.18 4.0
0.19 4.0
0.2 4.0
0.21 4.0
0.22 4.0
0.23 4.0
0.24 4.0
0.25 4.0
0.26 4.0
0.27 4.0
0.28 4.0
0.29 4.0
0.3 4.0
0.31 4.0
0.32 4.0
0.33 4.0
0.34 4.0
0.35 4.0
0.36 4.0
0.37 4.0
0.38 4.0
0.39 4.0
0.4 4.0
0.41 4.0
0.42 4.0
0.43 4.0
0.44 4.0
0.45 4.0
0.46 4.0
0.47 4.0
0.48 4.0
0.49 4.0
0.5 4.0
0.51 4.0
0.52 4.0
0.53 4.0
0.54 4.0
0.55 4.0
0.56 4.0
0.57 4.0
0.58 4.0
0.59 4.0
0.6 4.0
0.61 4.0
0.62 4.0
0.63 4.0
0.64 4.0
0.65 4.0
0.66 4.0
0.67 4.0
0.68 4.0
0.69 4.0
0.7 4.0
0.71 4.0
0.72 4.0
0.73 4.0
0.74 4.0
0.75 4.0
0.76 4.0
0.77 4.0
0.78 4.0
0.79 4.0
0.8 4.0
0.81 4.0
0.82 4.0
0.83 4.0
0.84 4.0
0.85 4.0
0.86 4.0
0.87 4.0
0.88 4.0
0.89 4.0
0.9 4.0
0.91 4.0
0.92 4.0
0.93 4.0
0.94 4.0
0.95 4.0
0.96 4.0
0.97 4.0
0.98 4.0
0.99 4.0
1.0 4.0
1.01 4.0
1.02 4.0
1.03 4.0
1.04 4.0
1.05 4.0
1.06 4.0
1.07 4.0
1.08 4.0
1.09 4.0
1.1 4.0
1.11 4.0
1.12 4.0
1.13 4.0
1.14 4.0
1.15 4.0
1.16 4.0
1.17 4.0
1.18 4.0
1.19 4.0
1.2 4.0
1.21 4.0
1.22 4.0
1.23 4.0
1.24 4.0
1.25 4.0
1.26 4.0
1.27 4.0
1.28 4.0
1.29 4.0
1.3 4.0
1.31 4.0
1.32 4.0
1.33 4.0
1.34 4.0
1.35 4.0
1.36 4.0
1.37 4.0
1.38 4.0
1.39 4.0
1.4 4.0
1.41 4.0
1.42 4.0
1.43 4.0
1.44 4.0
1.45 4.0
1.46 4.0
1.47 4.0
1.48 4.0
1.49 4.0
1.5 4.0
1.51 4.0
1.52 4.0
1.53 4.0
1.54 4.0
1.55 4.0
1.56 4.0
1.57 4.0
1.58 4.0
1.59 4.0
1.6 4.0
1.61 4.0
1.62 4.0
1.63 4.0
1.64 4.0
1.65 4.0
1.66 4.0
1.67 4.0
1.68 4.0
1.69 4.0
1.7 4.0
1.71 4.0
1.72 4.0
1.73 4.0
1.74 4.0
1.75 4.0
1.76 4.0
1.77 4.0
1.78 4.0
1.79 4.0
1.8 4.0
1.81 4.0
1.82 4.0
1.83 4.0
1.84 4.0
1.85 4.0
1.86 4.0
1.87 4.0
1.88 4.0
1.89 4.0
1.9 4.0
1.91 4.0
1.92 4.0
1.93 4.0
1.94 4.0
1.95 4.0
1.96 4.0
1.97 4.0
1.98 4.0
1.99 4.0
2.0 4.0
2.01 4.0
2.02 4.0
2.03 4.0
2.04 4.0
2.05 4.0
2.06 4.0
2.07 4.0
2.08 4.0
2.09 4.0
2.1 4.0
2.11 4.0
2.12 4.0
2.13 4.0
2.14 4.0
2.15 4.0
2.16 4.0
2.17 4.0
2.18 4.0
2.19 4.0
2.2 4.0
2.21 4.0
2.22 4.0
2.23 4.0
2.24 4.0
2.25 4.0
2.26 4.0
2.27 4.0
2.28 4.0
2.29 4.0
2.3 4.0
2.31 4.0
2.32 4.0
2.33 4.0
2.34 4.0
2.35 4.0
2.36 4.0
2.37 4.0
2.38 4.0
2.39 4.0
2.4 4.0
2.41 4.0
2.42 4.0
2.43 4.0
2.44 4.0
2.45 4.0
2.46 4.0
2.47 4.0
2.48 4.0
2.49 4.0
2.5 4.0
2.51 4.0
2.52 4.0
2.53 4.0
2.54 4.0
2.55 4.0
2.56 4.0
2.57 4.0
2.58 4.0
2.59 4.0
2.6 4.0
2.61 4.0
2.62 4.0
2.63 4.0
2.64 4.0
2.65 4.0
2.66 4.0
2.67 4.0
2.68 4.0
2.69 4.0
2.7 4.0
2.71 4.0
2.72 4.0
2.73 4.0
2.74 4.0
2.75 4.0
2.76 4.0
2.77 4.0
2.78 4.0
2.79 4.0
2.8 4.0
2.81 4.0
2.82 4.0
2.83 4.0
2.84 4.0
2.85 4.0
2.86 4.0
2.87 4.0
2.88 4.0
2.89 4.0
2.9 4.0
2.91 4.0
2.92 4.0
2.93 4.0
2.94 4.0
2.95 4.0
2.96 4.0
2.97 4.0
2.98 4.0
2.99 4.0
