# Compound H(2)O(2)

0.0 4.92355987338
0.01 4.20331164038
0.02 3.6841535548
0.03 3.30716845569
0.04 3.0437103762
0.05 2.8622217456
0.06 2.73905505258
0.07 2.65705805073
0.08 2.60389919732
0.09 2.57108203376
0.1 2.5521992028
0.11 2.54536164295
0.12 2.54363335782
0.13 2.54096775126
0.14 2.53973318526
0.15 2.54071639198
0.16 2.54391784959
0.17 2.54901049524
0.18 2.5555760913
0.19 2.56321454248
0.2 2.57158618816
0.21 2.58042121425
0.22 2.58951450743
0.23 2.59871528502
0.24 2.60791594526
0.25 2.61704202551
0.26 2.62604388208
0.27 2.63489011518
0.28 2.64356252442
0.29 2.65205231345
0.3 2.66035727289
0.31 2.66847970966
0.32 2.67642493682
0.33 2.68420017947
0.34 2.6918137878
0.35 2.69927467561
0.36 2.70659192415
0.37 2.71377450693
0.38 2.7208311028
0.39 2.72776997351
0.4 2.73459888812
0.41 2.74132508133
0.42 2.74795523616
0.43 2.75449548402
0.44 2.76095141683
0.45 2.76732810746
0.46 2.77363013548
0.47 2.77986161631
0.48 2.78602623205
0.49 2.79212726289
0.5 2.79816761844
0.51 2.80414986817
0.52 2.81007627077
0.53 2.81594880206
0.54 2.82176918133
0.55 2.82753889599
0.56 2.83325922458
0.57 2.83893125805
0.58 2.84455591944
0.59 2.85013398196
0.6 2.85566608559
0.61 2.86115275224
0.62 2.86659439957
0.63 2.87199135363
0.64 2.87734386022
0.65 2.88265209532
0.66 2.88791617443
0.67 2.89313616105
0.68 2.89831207433
0.69 2.90344389588
0.7 2.90853157603
0.71 2.91357503928
0.72 2.91857418931
0.73 2.92352891339
0.74 2.92843908632
0.75 2.93330457394
0.76 2.93812523626
0.77 2.94290093021
0.78 2.94763151208
0.79 2.95231683964
0.8 2.95695677405
0.81 2.96155118147
0.82 2.96609993452
0.83 2.97060291345
0.84 2.97506000725
0.85 2.97947111453
0.86 2.98383614426
0.87 2.98815501642
0.88 2.9924276625
0.89 2.99665402591
0.9 3.00083406234
0.91 3.00496773993
0.92 3.0090550395
0.93 3.01309595464
0.94 3.01709049172
0.95 3.02103866992
0.96 3.02494052117
0.97 3.02879609005
0.98 3.03260543366
0.99 3.03636862147
