# Compound sucrose6-phosphate

0.0 3.49217064083
0.01 3.55339191981
0.02 3.4964756217
0.03 3.436002853
0.04 3.37226615529
0.05 3.30801699496
0.06 3.24842163847
0.07 3.18345674062
0.08 3.14674174327
0.09 3.12459295501
0.1 3.18817605701
0.11 6.27173963501
0.12 4.99013462368
0.13 4.07175363345
0.14 3.38622531047
0.15 2.86340420404
0.16 2.45951228226
0.17 2.14477813483
0.18 1.89793935382
0.19 1.70335768899
0.2 1.54930969656
0.21 1.42688836598
0.22 1.32925901268
0.23 1.2511368633
0.24 1.18841082499
0.25 1.13786728972
0.26 1.096984311
0.27 1.06377636385
0.28 1.03667610121
0.29 1.0144435592
0.3 0.996095972247
0.31 0.980853218292
0.32 0.968095217975
0.33 0.957328541062
0.34 0.948160146878
0.35 0.940276679996
0.36 0.933428109986
0.37 0.927414779993
0.38 0.922077138136
0.39 0.917287585509
0.4 0.912943997509
0.41 0.908964570301
0.42 0.905283718229
0.43 0.901848805691
0.44 0.898617542275
0.45 0.895555905556
0.46 0.892636483939
0.47 0.889837154134
0.48 0.887140025327
0.49 0.884530596013
0.5 0.881997080475
0.51 0.879529870633
0.52 0.877121105934
0.53 0.874764329522
0.54 0.87245421329
0.55 0.870186337965
0.56 0.867957017144
0.57 0.865763156454
0.58 0.863602140775
0.59 0.861471743899
0.6 0.8593700561
0.61 0.857295426055
0.62 0.8552464142
0.63 0.853221755263
0.64 0.851220328115
0.65 0.849241131477
0.66 0.847283264324
0.67 0.845345910028
0.68 0.843428323518
0.69 0.841529820832
0.7 0.839649770604
0.71 0.837787587096
0.72 0.835942724464
0.73 0.834114672033
0.74 0.832302950359
0.75 0.830507107949
0.76 0.828726718497
0.77 0.826961378542
0.78 0.825210705475
0.79 0.823474335813
0.8 0.821751923714
0.81 0.820043139668
0.82 0.818347669356
0.83 0.816665212619
0.84 0.814995482553
0.85 0.813338204681
0.86 0.811693116205
0.87 0.810059965326
0.88 0.80843851062
0.89 0.806828520457
0.9 0.805229772469
0.91 0.803642053052
0.92 0.802065156908
0.93 0.800498886607
0.94 0.798943052185
0.95 0.797397470763
0.96 0.795861966191
0.97 0.794336368708
0.98 0.79282051463
0.99 0.791314246047
