# Compound vitexin

0.0 5.15858985385
0.01 5.03837165252
0.02 5.22499439206
0.03 5.42222111188
0.04 5.6282573533
0.05 5.83410995211
0.06 6.02365048101
0.07 6.22191845774
0.08 6.3326572226
0.09 6.39129275927
0.1 6.19644562861
0.11 11.2932474413
0.12 11.3993337638
0.13 11.4289571582
0.14 11.4269622147
0.15 11.4120410233
0.16 11.3928223897
0.17 11.3734912591
0.18 11.3560502963
0.19 11.3413553113
0.2 11.3296436143
0.21 11.3208245447
0.22 11.3146454536
0.23 11.3107871802
0.24 11.3089178665
0.25 11.3087217765
0.26 11.3099131973
0.27 11.3122416226
0.28 11.3154920423
0.29 11.3194826662
0.3 11.3240614732
0.31 11.3291023893
0.32 11.3345015374
0.33 11.3401737819
0.34 11.3460496629
0.35 11.3520727428
0.36 11.3581973452
0.37 11.3643866528
0.38 11.3706111184
0.39 11.376847147
0.4 11.3830760059
0.41 11.3892829273
0.42 11.3954563713
0.43 11.4015874203
0.44 11.4076692844
0.45 11.4136968952
0.46 11.4196665747
0.47 11.4255757644
0.48 11.4314228041
0.49 11.4372067518
0.5 11.4429272362
0.51 11.4485843372
0.52 11.4541784886
0.53 11.4597103983
0.54 11.4651809842
0.55 11.4705913222
0.56 11.4759426038
0.57 11.481236102
0.58 11.4864731441
0.59 11.4916550897
0.6 11.4967833129
0.61 11.501859189
0.62 11.5068840831
0.63 11.5118593418
0.64 11.5167862866
0.65 11.5216662091
0.66 11.5265003672
0.67 11.5312899828
0.68 11.5360362397
0.69 11.5407402828
0.7 11.5454032175
0.71 11.5500261097
0.72 11.5546099861
0.73 11.5591558347
0.74 11.5636646056
0.75 11.5681372117
0.76 11.5725745302
0.77 11.5769774033
0.78 11.5813466396
0.79 11.5856830151
0.8 11.5899872749
0.81 11.5942601337
0.82 11.5985022778
0.83 11.6027143657
0.84 11.6068970296
0.85 11.6110508766
0.86 11.6151764897
0.87 11.6192744289
0.88 11.6233452322
0.89 11.6273894167
0.9 11.6314074798
0.91 11.6353998995
0.92 11.6393671361
0.93 11.6433096325
0.94 11.647227815
0.95 11.6511220946
0.96 11.6549928671
0.97 11.6588405142
0.98 11.6626654044
0.99 11.6664678928
