# Compound O(2)

0.0 1.12457861899
0.01 1.84482685199
0.02 2.36398493757
0.03 2.74097003668
0.04 3.00442811617
0.05 3.18591674676
0.06 3.30908343979
0.07 3.39108044164
0.08 3.44423929505
0.09 3.47705645861
0.1 3.49593928957
0.11 3.50277684942
0.12 3.50450513455
0.13 3.50717074111
0.14 3.50840530711
0.15 3.50742210039
0.16 3.50422064278
0.17 3.49912799713
0.18 3.49256240107
0.19 3.48492394989
0.2 3.47655230421
0.21 3.46771727811
0.22 3.45862398494
0.23 3.44942320734
0.24 3.44022254711
0.25 3.43109646686
0.26 3.42209461029
0.27 3.41324837719
0.28 3.40457596795
0.29 3.39608617891
0.3 3.38778121948
0.31 3.37965878271
0.32 3.37171355555
0.33 3.3639383129
0.34 3.35632470456
0.35 3.34886381676
0.36 3.34154656821
0.37 3.33436398543
0.38 3.32730738957
0.39 3.32036851886
0.4 3.31353960425
0.41 3.30681341104
0.42 3.30018325621
0.43 3.29364300835
0.44 3.28718707553
0.45 3.28081038491
0.46 3.27450835689
0.47 3.26827687605
0.48 3.26211226032
0.49 3.25601122947
0.5 3.24997087393
0.51 3.2439886242
0.52 3.2380622216
0.53 3.23218969031
0.54 3.22636931104
0.55 3.22059959638
0.56 3.21487926779
0.57 3.20920723432
0.58 3.20358257293
0.59 3.19800451041
0.6 3.19247240678
0.61 3.18698574013
0.62 3.18154409279
0.63 3.17614713874
0.64 3.17079463215
0.65 3.16548639705
0.66 3.16022231794
0.67 3.15500233131
0.68 3.14982641804
0.69 3.14469459648
0.7 3.13960691634
0.71 3.13456345309
0.72 3.12956430306
0.73 3.12460957898
0.74 3.11969940605
0.75 3.11483391843
0.76 3.11001325611
0.77 3.10523756216
0.78 3.10050698029
0.79 3.09582165273
0.8 3.09118171832
0.81 3.0865873109
0.82 3.08203855785
0.83 3.07753557892
0.84 3.07307848512
0.85 3.06866737784
0.86 3.0643023481
0.87 3.05998347595
0.88 3.05571082987
0.89 3.05148446645
0.9 3.04730443003
0.91 3.04317075244
0.92 3.03908345287
0.93 3.03504253773
0.94 3.03104800065
0.95 3.02709982245
0.96 3.0231979712
0.97 3.01934240232
0.98 3.01553305871
0.99 3.0117698709
