# Compound S-adenosyl-L-methionine

0.0 4.21377695924
0.01 4.18998471298
0.02 4.1672731588
0.03 4.14559550813
0.04 4.12490678826
0.05 4.10516379136
0.06 4.08632502306
0.07 4.06835065067
0.08 4.05120245144
0.09 4.0348437609
0.1 4.01923942164
0.11 4.00435573245
0.12 3.99016039825
0.13 3.97662248057
0.14 3.96371234905
0.15 3.95140163376
0.16 3.93966317856
0.17 3.9284709955
0.18 3.91780022031
0.19 3.90762706913
0.2 3.89792879624
0.21 3.88868365317
0.22 3.87987084884
0.23 3.87147051106
0.24 3.86346364915
0.25 3.8558321178
0.26 3.84855858213
0.27 3.84162648395
0.28 3.83502000918
0.29 3.82872405641
0.3 3.82272420663
0.31 3.8170066941
0.32 3.81155837818
0.33 3.80636671642
0.34 3.8014197385
0.35 3.7967060213
0.36 3.79221466492
0.37 3.78793526963
0.38 3.78385791382
0.39 3.77997313269
0.4 3.77627189804
0.41 3.77274559867
0.42 3.76938602174
0.43 3.76618533488
0.44 3.76313606899
0.45 3.76023110187
0.46 3.75746364249
0.47 3.75482721593
0.48 3.752315649
0.49 3.74992305647
0.5 3.74764382793
0.51 3.74547261514
0.52 3.74340432007
0.53 3.74143408334
0.54 3.73955727323
0.55 3.73776947522
0.56 3.73606648193
0.57 3.7344442835
0.58 3.7328990585
0.59 3.73142716517
0.6 3.73002513303
0.61 3.72868965498
0.62 3.72741757963
0.63 3.72620590411
0.64 3.72505176707
0.65 3.72395244212
0.66 3.72290533152
0.67 3.72190796013
0.68 3.72095796969
0.69 3.72005311335
0.7 3.71919125041
0.71 3.7183703414
0.72 3.71758844326
0.73 3.71684370486
0.74 3.71613436264
0.75 3.71545873652
0.76 3.71481522596
0.77 3.71420230619
0.78 3.71361852468
0.79 3.71306249772
0.8 3.71253290715
0.81 3.71202849729
0.82 3.711548072
0.83 3.71109049184
0.84 3.71065467142
0.85 3.71023957682
0.86 3.70984422317
0.87 3.70946767233
0.88 3.70910903067
0.89 3.708767447
0.9 3.70844211051
0.91 3.70813224887
0.92 3.70783712645
0.93 3.70755604253
0.94 3.70728832967
0.95 3.70703335213
0.96 3.70679050439
0.97 3.70655920964
0.98 3.70633891854
0.99 3.70612910779
