# Compound galactose

0.0 5.40315004145
0.01 5.8620229042
0.02 5.68528493928
0.03 5.61347343805
0.04 5.59326144928
0.05 5.59440029642
0.06 5.60488203475
0.07 5.6193864231
0.08 5.63546321829
0.09 5.65178030797
0.1 5.66763763227
0.11 5.68145556584
0.12 5.69685559419
0.13 5.70768862869
0.14 5.71411260479
0.15 5.71709005038
0.16 5.71753960615
0.17 5.71613578326
0.18 5.7133255662
0.19 5.70939413687
0.2 5.70452494868
0.21 5.69884212278
0.22 5.69243689453
0.23 5.68538279186
0.24 5.67774373563
0.25 5.66957803126
0.26 5.66094013373
0.27 5.651881295
0.28 5.642449709
0.29 5.63269047475
0.3 5.62264553122
0.31 5.61235362828
0.32 5.60185035263
0.33 5.59116820686
0.34 5.58033673141
0.35 5.56938265749
0.36 5.5583300797
0.37 5.54720063916
0.38 5.5360137099
0.39 5.52478658336
0.4 5.51353464706
0.41 5.50227155515
0.42 5.49100938917
0.43 5.4797588082
0.44 5.46852918807
0.45 5.45732874968
0.46 5.44616467668
0.47 5.43504322286
0.48 5.42396981004
0.49 5.41294911681
0.5 5.40198515886
0.51 5.39108136162
0.52 5.38024062568
0.53 5.3694653857
0.54 5.3587576634
0.55 5.34811911503
0.56 5.33755107402
0.57 5.32705458913
0.58 5.31663045858
0.59 5.30627926054
0.6 5.29600138039
0.61 5.28579703498
0.62 5.27566629432
0.63 5.26560910082
0.64 5.25562528644
0.65 5.24571458792
0.66 5.23587666033
0.67 5.22611108901
0.68 5.21641740021
0.69 5.20679507049
0.7 5.19724353498
0.71 5.18776219474
0.72 5.17835042312
0.73 5.16900757149
0.74 5.15973297415
0.75 5.15052595269
0.76 5.14138581973
0.77 5.13231188226
0.78 5.12330344445
0.79 5.11435981013
0.8 5.10548028487
0.81 5.09666417782
0.82 5.08791080322
0.83 5.0792194817
0.84 5.07058954135
0.85 5.06202031858
0.86 5.0535111589
0.87 5.04506141745
0.88 5.03667045947
0.89 5.02833766063
0.9 5.02006240723
0.91 5.01184409644
0.92 5.0036821363
0.93 4.99557594575
0.94 4.98752495463
0.95 4.97952860354
0.96 4.97158634376
0.97 4.96369763708
0.98 4.95586195558
0.99 4.94807878147
