# Compound beta-D-glucose1-phosphate

0.0 3.43825692279
0.01 3.40676712152
0.02 3.31692355446
0.03 3.30054946971
0.04 3.28201519151
0.05 3.25475670421
0.06 3.22031783564
0.07 3.18169891506
0.08 3.14163277034
0.09 3.10180267514
0.1 3.06445382863
0.11 3.02719880796
0.12 2.99114321431
0.13 2.97157792971
0.14 2.96169523401
0.15 2.95648042153
0.16 2.95267576276
0.17 2.94833409078
0.18 2.94238704769
0.19 2.93432061264
0.2 2.9239546452
0.21 2.91130126394
0.22 2.89647724593
0.23 2.87965142824
0.24 2.86101397456
0.25 2.84075894379
0.26 2.81907478364
0.27 2.79613946104
0.28 2.77211825786
0.29 2.7471630686
0.3 2.72141252193
0.31 2.69499253569
0.32 2.66801708303
0.33 2.64058904452
0.34 2.61280107692
0.35 2.5847364614
0.36 2.55646991153
0.37 2.52806833209
0.38 2.49959152503
0.39 2.47109284221
0.4 2.44261978643
0.41 2.41421456291
0.42 2.38591458403
0.43 2.35775293046
0.44 2.32975877144
0.45 2.3019577475
0.46 2.27437231832
0.47 2.24702207856
0.48 2.21992404431
0.49 2.19309291269
0.5 2.16654129676
0.51 2.14027993809
0.52 2.11431789882
0.53 2.08866273522
0.54 2.06332065431
0.55 2.03829665521
0.56 2.01359465661
0.57 1.98921761164
0.58 1.96516761144
0.59 1.94144597841
0.6 1.91805335018
0.61 1.8949897552
0.62 1.87225468079
0.63 1.84984713431
0.64 1.82776569825
0.65 1.8060085797
0.66 1.78457365489
0.67 1.76345850916
0.68 1.74266047294
0.69 1.72217665403
0.7 1.70200396662
0.71 1.68213915732
0.72 1.66257882863
0.73 1.64331945983
0.74 1.6243574259
0.75 1.60568901442
0.76 1.58731044069
0.77 1.56921786137
0.78 1.55140738662
0.79 1.53387509108
0.8 1.51661702356
0.81 1.49962921585
0.82 1.48290769054
0.83 1.46644846798
0.84 1.45024757256
0.85 1.43430103827
0.86 1.41860491369
0.87 1.40315526638
0.88 1.38794818687
0.89 1.37297979212
0.9 1.35824622861
0.91 1.34374367512
0.92 1.3294683451
0.93 1.31541648887
0.94 1.30158439538
0.95 1.28796839395
0.96 1.27456485561
0.97 1.26137019434
0.98 1.24838086815
0.99 1.23559337991
