# Compound alkylcinnamate

0.0 3.53177738818
0.01 3.74567485248
0.02 3.93489214404
0.03 4.11035246338
0.04 4.27165652426
0.05 4.41956929278
0.06 4.55508070668
0.07 4.67921249796
0.08 4.79294953662
0.09 4.89720680966
0.1 4.99282803277
0.11 5.08054261375
0.12 5.16109705903
0.13 5.23524583366
0.14 5.30364127691
0.15 5.36683545013
0.16 5.42529693208
0.17 5.4794300819
0.18 5.52959047392
0.19 5.57609582752
0.2 5.61923338646
0.21 5.65926487561
0.22 5.6964299204
0.23 5.73094852695
0.24 5.76302299597
0.25 5.79283949129
0.26 5.82056938897
0.27 5.84637047724
0.28 5.87038804529
0.29 5.89275588244
0.3 5.91359719944
0.31 5.93302547952
0.32 5.95114526453
0.33 5.96805288035
0.34 5.98383710554
0.35 5.99857978685
0.36 6.01235640514
0.37 6.02523659514
0.38 6.03728462251
0.39 6.04855982124
0.4 6.05911699463
0.41 6.06900678259
0.42 6.07827599811
0.43 6.08696793533
0.44 6.0951226517
0.45 6.1027772263
0.46 6.10996599646
0.47 6.11672077442
0.48 6.12307104592
0.49 6.12904415211
0.5 6.13466545635
0.51 6.13995849716
0.52 6.14494512856
0.53 6.14964564881
0.54 6.15407891874
0.55 6.15826247032
0.56 6.16221260657
0.57 6.16594449334
0.58 6.16947224382
0.59 6.17280899625
0.6 6.17596698561
0.61 6.17895760958
0.62 6.18179148937
0.63 6.18447852585
0.64 6.18702795137
0.65 6.18944837754
0.66 6.19174783944
0.67 6.19393383645
0.68 6.19601336999
0.69 6.19799297847
0.7 6.19987876959
0.71 6.2016764503
0.72 6.20339135454
0.73 6.2050284689
0.74 6.20659245648
0.75 6.208087679
0.76 6.20951821726
0.77 6.21088789023
0.78 6.21220027266
0.79 6.21345871159
0.8 6.21466634153
0.81 6.21582609867
0.82 6.21694073409
0.83 6.218012826
0.84 6.21904479116
0.85 6.22003889554
0.86 6.22099726416
0.87 6.22192189035
0.88 6.22281464432
0.89 6.22367728113
0.9 6.2245114482
0.91 6.22531869223
0.92 6.22610046567
0.93 6.22685813282
0.94 6.22759297539
0.95 6.22830619786
0.96 6.22899893233
0.97 6.22967224314
0.98 6.23032713114
0.99 6.23096453771
