# Compound GDP-glucose

0.0 9.40418728552
0.01 8.63497825047
0.02 8.67764837973
0.03 8.60752492887
0.04 8.53714096628
0.05 8.49086302146
0.06 8.475343652
0.07 8.49049368611
0.08 8.53658778691
0.09 8.61408949783
0.1 8.72428205259
0.11 8.86842382113
0.12 8.9905463513
0.13 9.14634117985
0.14 9.31556408308
0.15 9.48650036333
0.16 9.65294181937
0.17 9.81187434997
0.18 9.962052894
0.19 10.1031828053
0.2 10.2354625698
0.21 10.3593318681
0.22 10.4753342754
0.23 10.5840435324
0.24 10.6860249613
0.25 10.7818162553
0.26 10.8719188881
0.27 10.9567952814
0.28 11.0368690278
0.29 11.1125266684
0.3 11.1841201919
0.31 11.2519698019
0.32 11.3163667015
0.33 11.3775757703
0.34 11.4358380673
0.35 11.491373137
0.36 11.5443811096
0.37 11.5950446045
0.38 11.6435304451
0.39 11.6899912014
0.4 11.7345665731
0.41 11.7773846303
0.42 11.8185629234
0.43 11.8582094778
0.44 11.8964236844
0.45 11.9332970964
0.46 11.968914145
0.47 12.0033527797
0.48 12.036685044
0.49 12.0689775927
0.5 12.100292157
0.51 12.1306859635
0.52 12.1602121125
0.53 12.1889199191
0.54 12.2168552219
0.55 12.2440606631
0.56 12.270575942
0.57 12.2964380452
0.58 12.3216814569
0.59 12.3463383493
0.6 12.3704387574
0.61 12.3940107382
0.62 12.4170805162
0.63 12.4396726172
0.64 12.4618099909
0.65 12.4835141233
0.66 12.5048051403
0.67 12.5257019029
0.68 12.5462220955
0.69 12.5663823067
0.7 12.5861981043
0.71 12.6056841049
0.72 12.6248540374
0.73 12.6437208035
0.74 12.6622965317
0.75 12.6805926292
0.76 12.6986198293
0.77 12.7163882352
0.78 12.7339073613
0.79 12.7511861716
0.8 12.7682331147
0.81 12.7850561575
0.82 12.8016628155
0.83 12.8180601823
0.84 12.8342549555
0.85 12.8502534627
0.86 12.8660616842
0.87 12.881685275
0.88 12.8971295854
0.89 12.9123996798
0.9 12.9275003546
0.91 12.942436155
0.92 12.95721139
0.93 12.9718301478
0.94 12.9862963087
0.95 13.0006135582
0.96 13.0147853989
0.97 13.0288151614
0.98 13.0427060152
0.99 13.0564609781
