# Compound 3-beta-D-glucosylglucose

0.0 2.4037170163
0.01 2.70179827069
0.02 3.02316540599
0.03 3.25087903589
0.04 3.46557626848
0.05 3.67934477804
0.06 3.89533181171
0.07 4.1135293242
0.08 4.33430175625
0.09 4.55898734646
0.1 4.78794617447
0.11 5.02440950341
0.12 5.22621580815
0.13 5.42862541993
0.14 5.6182831248
0.15 5.79231312449
0.16 5.95144509896
0.17 6.09741753866
0.18 6.23205012651
0.19 6.35695059366
0.2 6.47345673842
0.21 6.58265879015
0.22 6.68544271189
0.23 6.78253295827
0.24 6.87452821896
0.25 6.96192935074
0.26 7.04516057289
0.27 7.12458538596
0.28 7.20051853594
0.29 7.27323507346
0.3 7.34297729226
0.31 7.40996011642
0.32 7.474375344
0.33 7.53639503809
0.34 7.59617427377
0.35 7.65385339145
0.36 7.70955986627
0.37 7.76340987472
0.38 7.81550961929
0.39 7.86595645733
0.4 7.91483986975
0.41 7.96224229741
0.42 8.00823986721
0.43 8.05290302552
0.44 8.09629709327
0.45 8.13848275427
0.46 8.17951648641
0.47 8.21945094375
0.48 8.25833529603
0.49 8.29621553141
0.5 8.33313472699
0.51 8.36913329123
0.52 8.4042491817
0.53 8.43851810111
0.54 8.47197367422
0.55 8.50464760762
0.56 8.53656983468
0.57 8.56776864682
0.58 8.59827081308
0.59 8.62810168881
0.6 8.65728531489
0.61 8.68584450836
0.62 8.71380094526
0.63 8.7411752366
0.64 8.767986998
0.65 8.79425491371
0.66 8.81999679543
0.67 8.84522963656
0.68 8.86996966221
0.69 8.89423237531
0.7 8.91803259935
0.71 8.94138451786
0.72 8.96430171099
0.73 8.98679718951
0.74 9.00888342633
0.75 9.0305723858
0.76 9.05187555106
0.77 9.07280394945
0.78 9.09336817624
0.79 9.11357841678
0.8 9.13344446724
0.81 9.15297575398
0.82 9.17218135171
0.83 9.19107000054
0.84 9.20965012193
0.85 9.22792983372
0.86 9.24591696427
0.87 9.26361906572
0.88 9.28104342655
0.89 9.29819708337
0.9 9.31508683206
0.91 9.33171923834
0.92 9.34810064765
0.93 9.36423719467
0.94 9.38013481216
0.95 9.39579923943
0.96 9.4112360304
0.97 9.42645056114
0.98 9.44144803716
0.99 9.45623350023
