# Compound isoflavone7-O-beta-D-glucoside

0.0 9.6354912899
0.01 9.75906301697
0.02 9.54996281939
0.03 9.32773388552
0.04 9.09387046194
0.05 8.85751513721
0.06 8.6352321041
0.07 8.40021658881
0.08 8.25349187522
0.09 8.15714935626
0.1 8.32316421369
0.11 2.81897292761
0.12 2.65224360974
0.13 2.58002043873
0.14 2.55140601315
0.15 2.54414203951
0.16 2.54723551091
0.17 2.55484522276
0.18 2.56377752698
0.19 2.57230923314
0.2 2.57956747322
0.21 2.58517609758
0.22 2.58904484734
0.23 2.59124134786
0.24 2.59191341894
0.25 2.59124261354
0.26 2.58941723803
0.27 2.58661745961
0.28 2.58300781212
0.29 2.57873413187
0.3 2.57392305841
0.31 2.56868294171
0.32 2.5631054488
0.33 2.5572674477
0.34 2.5512329261
0.35 2.54505481227
0.36 2.53877663335
0.37 2.53243398585
0.38 2.52605581631
0.39 2.51966552229
0.4 2.51328189004
0.41 2.5069198873
0.42 2.50059132998
0.43 2.49430544038
0.44 2.48806931284
0.45 2.48188830112
0.46 2.47576633978
0.47 2.46970621039
0.48 2.46370976137
0.49 2.4577780895
0.5 2.45191168923
0.51 2.44611057558
0.52 2.44037438487
0.53 2.43470245735
0.54 2.42909390468
0.55 2.42354766505
0.56 2.41806254795
0.57 2.41263727063
0.58 2.40727048744
0.59 2.40196081357
0.6 2.39670684406
0.61 2.3915071689
0.62 2.38636038504
0.63 2.38126510573
0.64 2.37621996782
0.65 2.37122363726
0.66 2.36627481322
0.67 2.36137223107
0.68 2.35651466442
0.69 2.35170092642
0.7 2.34692987041
0.71 2.34220039019
0.72 2.33751141979
0.73 2.33286193303
0.74 2.32825094278
0.75 2.3236775001
0.76 2.3191406932
0.77 2.31463964632
0.78 2.31017351857
0.79 2.30574150265
0.8 2.30134282362
0.81 2.29697673766
0.82 2.29264253075
0.83 2.28833951749
0.84 2.28406703983
0.85 2.27982446589
0.86 2.27561118879
0.87 2.27142662553
0.88 2.26727021589
0.89 2.26314142136
0.9 2.25903972418
0.91 2.25496462632
0.92 2.25091564857
0.93 2.24689232963
0.94 2.24289422529
0.95 2.2389209076
0.96 2.23497196411
0.97 2.23104699709
0.98 2.22714562289
0.99 2.22326747122
