# Compound aphenol

0.0 2.2910237059
0.01 2.00556113241
0.02 1.9989853349
0.03 1.97909056321
0.04 1.94196711494
0.05 1.87818596829
0.06 1.77213035068
0.07 1.65458615382
0.08 1.43486938464
0.09 1.16177436905
0.1 3.35454673826
0.11 4.17662343654
0.12 3.92753861332
0.13 3.7051793961
0.14 3.53485815887
0.15 3.41252204543
0.16 3.32780663936
0.17 3.27075120588
0.18 3.23341082895
0.19 3.20989353501
0.2 3.19598183149
0.21 3.18871397293
0.22 3.18603228222
0.23 3.18651551481
0.24 3.18918457876
0.25 3.19336513714
0.26 3.19859194907
0.27 3.20454292347
0.28 3.21099394124
0.29 3.21778802515
0.3 3.2248143453
0.31 3.23199393211
0.32 3.23926994832
0.33 3.24660105307
0.34 3.25395686134
0.35 3.2613148229
0.36 3.26865806397
0.37 3.27597388267
0.38 3.28325268984
0.39 3.29048725448
0.4 3.29767215854
0.41 3.30480339685
0.42 3.31187807841
0.43 3.31889419944
0.44 3.3258504678
0.45 3.33274616508
0.46 3.33958103632
0.47 3.34635520098
0.48 3.35306908009
0.49 3.35972333619
0.5 3.36631882354
0.51 3.37285654662
0.52 3.37933762554
0.53 3.38576326706
0.54 3.39213474047
0.55 3.39845335746
0.56 3.40472045542
0.57 3.41093738359
0.58 3.41710549173
0.59 3.42322612083
0.6 3.42930059557
0.61 3.43533021837
0.62 3.44131626459
0.63 3.44725997893
0.64 3.45316257257
0.65 3.45902522123
0.66 3.46484906375
0.67 3.47063520124
0.68 3.47638469665
0.69 3.48209857469
0.7 3.48777782206
0.71 3.49342338791
0.72 3.49903618446
0.73 3.50461708781
0.74 3.51016693884
0.75 3.51568654421
0.76 3.52117667741
0.77 3.52663807984
0.78 3.53207146198
0.79 3.53747750451
0.8 3.54285685944
0.81 3.54821015127
0.82 3.55353797811
0.83 3.55884091279
0.84 3.56411950392
0.85 3.56937427698
0.86 3.57460573532
0.87 3.57981436117
0.88 3.58500061659
0.89 3.59016494439
0.9 3.59530776902
0.91 3.60042949746
0.92 3.60553051998
0.93 3.61061121099
0.94 3.61567192975
0.95 3.6207130211
0.96 3.62573481616
0.97 3.63073763295
0.98 3.63572177708
0.99 3.64068754227
