# Compound alpha-D-glucose6-phosphate

0.0 1.53680856982
0.01 1.53680856982
0.02 1.53680856982
0.03 1.53680856982
0.04 1.53680856982
0.05 1.53680856982
0.06 1.53680856982
0.07 1.53680856982
0.08 1.53680856982
0.09 1.53680856982
0.1 1.53680856982
0.11 1.53680856982
0.12 1.53680856982
0.13 1.53680856982
0.14 1.53680856982
0.15 1.53680856982
0.16 1.53680856982
0.17 1.53680856982
0.18 1.53680856982
0.19 1.53680856982
0.2 1.53680856982
0.21 1.53680856982
0.22 1.53680856982
0.23 1.53680856982
0.24 1.53680856982
0.25 1.53680856982
0.26 1.53680856982
0.27 1.53680856982
0.28 1.53680856982
0.29 1.53680856982
0.3 1.53680856982
0.31 1.53680856982
0.32 1.53680856982
0.33 1.53680856982
0.34 1.53680856982
0.35 1.53680856982
0.36 1.53680856982
0.37 1.53680856982
0.38 1.53680856982
0.39 1.53680856982
0.4 1.53680856982
0.41 1.53680856982
0.42 1.53680856982
0.43 1.53680856982
0.44 1.53680856982
0.45 1.53680856982
0.46 1.53680856982
0.47 1.53680856982
0.48 1.53680856982
0.49 1.53680856982
0.5 1.53680856982
0.51 1.53680856982
0.52 1.53680856982
0.53 1.53680856982
0.54 1.53680856982
0.55 1.53680856982
0.56 1.53680856982
0.57 1.53680856982
0.58 1.53680856982
0.59 1.53680856982
0.6 1.53680856982
0.61 1.53680856982
0.62 1.53680856982
0.63 1.53680856982
0.64 1.53680856982
0.65 1.53680856982
0.66 1.53680856982
0.67 1.53680856982
0.68 1.53680856982
0.69 1.53680856982
0.7 1.53680856982
0.71 1.53680856982
0.72 1.53680856982
0.73 1.53680856982
0.74 1.53680856982
0.75 1.53680856982
0.76 1.53680856982
0.77 1.53680856982
0.78 1.53680856982
0.79 1.53680856982
0.8 1.53680856982
0.81 1.53680856982
0.82 1.53680856982
0.83 1.53680856982
0.84 1.53680856982
0.85 1.53680856982
0.86 1.53680856982
0.87 1.53680856982
0.88 1.53680856982
0.89 1.53680856982
0.9 1.53680856982
0.91 1.53680856982
0.92 1.53680856982
0.93 1.53680856982
0.94 1.53680856982
0.95 1.53680856982
0.96 1.53680856982
0.97 1.53680856982
0.98 1.53680856982
0.99 1.53680856982
