# Compound gibberellin

0.0 2.63500594608
0.01 2.33881506635
0.02 2.24690469518
0.03 2.14038070778
0.04 2.01758964216
0.05 1.87402367507
0.06 1.7015065771
0.07 1.52386432782
0.08 1.28402384592
0.09 1.01582312423
0.1 0.61984140217
0.11 1.77480209005
0.12 1.85331834149
0.13 1.86509308445
0.14 1.85594528568
0.15 1.84240635079
0.16 1.83020371174
0.17 1.82094774101
0.18 1.81470963632
0.19 1.81104810651
0.2 1.8094167626
0.21 1.80931557562
0.22 1.81033578331
0.23 1.81216196908
0.24 1.81455891156
0.25 1.81735496261
0.26 1.82042662079
0.27 1.82368580829
0.28 1.82707000859
0.29 1.83053490713
0.3 1.83404903836
0.31 1.8375899623
0.32 1.84114156938
0.33 1.8446921989
0.34 1.84823333393
0.35 1.85175869956
0.36 1.85526364019
0.37 1.85874468845
0.38 1.86219926485
0.39 1.86562546634
0.4 1.86902191509
0.41 1.87238764835
0.42 1.87572203616
0.43 1.87902471857
0.44 1.88229555622
0.45 1.8855345908
0.46 1.88874201248
0.47 1.89191813292
0.48 1.8950633624
0.49 1.89817819042
0.5 1.90126316916
0.51 1.90431889932
0.52 1.90734601798
0.53 1.91034518834
0.54 1.9133170909
0.55 1.91626241612
0.56 1.91918185814
0.57 1.92207610967
0.58 1.92494585769
0.59 1.92779177993
0.6 1.9306145421
0.61 1.93341479564
0.62 1.93619317599
0.63 1.93895030124
0.64 1.94168677123
0.65 1.94440316687
0.66 1.94710004974
0.67 1.94977796191
0.68 1.95243742595
0.69 1.95507894502
0.7 1.95770300316
0.71 1.96031006558
0.72 1.96290057915
0.73 1.96547497279
0.74 1.96803365804
0.75 1.97057702958
0.76 1.9731054658
0.77 1.97561932941
0.78 1.97811896796
0.79 1.98060471449
0.8 1.98307688811
0.81 1.98553579451
0.82 1.98798172663
0.83 1.99041496511
0.84 1.9928357789
0.85 1.99524442575
0.86 1.99764115273
0.87 2.00002619672
0.88 2.00239978487
0.89 2.00476213504
0.9 2.00711345629
0.91 2.00945394922
0.92 2.01178380645
0.93 2.01410321294
0.94 2.01641234636
0.95 2.01871137748
0.96 2.02100047048
0.97 2.02327978323
0.98 2.02554946766
0.99 2.02780966999
