# Compound diphosphate

0.0 9.26851848003
0.01 9.14905018548
0.02 8.64777937704
0.03 8.19770409317
0.04 7.77902701261
0.05 7.37269418574
0.06 6.96045929462
0.07 6.55364423524
0.08 6.10586970221
0.09 5.64137108313
0.1 5.11481139892
0.11 6.63325811283
0.12 4.87908492955
0.13 3.78413506427
0.14 3.10357013816
0.15 2.6753005511
0.16 2.40014581001
0.17 2.21869876858
0.18 2.09538396311
0.19 2.00870986188
0.2 1.94552640097
0.21 1.89767050921
0.22 1.85999870155
0.23 1.82922165022
0.24 1.80320493088
0.25 1.78054357198
0.26 1.76029950805
0.27 1.74183732267
0.28 1.72472014425
0.29 1.70864286749
0.3 1.69338884016
0.31 1.67880148103
0.32 1.66476550349
0.33 1.65119438056
0.34 1.63802190175
0.35 1.62519643421
0.36 1.61267698453
0.37 1.60043046789
0.38 1.58842979221
0.39 1.57665249616
0.4 1.56507976645
0.41 1.55369571668
0.42 1.54248684847
0.43 1.53144164068
0.44 1.52055022992
0.45 1.50980415698
0.46 1.49919616156
0.47 1.48872001327
0.48 1.47837037008
0.49 1.4681426582
0.5 1.45803296906
0.51 1.44803797005
0.52 1.4381548266
0.53 1.42838113397
0.54 1.41871485711
0.55 1.4091542776
0.56 1.39969794682
0.57 1.39034464442
0.58 1.38109334169
0.59 1.37194316915
0.6 1.36289338801
0.61 1.35394336494
0.62 1.34509255007
0.63 1.33634045757
0.64 1.32768664886
0.65 1.31913071796
0.66 1.31067227884
0.67 1.30231095464
0.68 1.29404636843
0.69 1.28587813546
0.7 1.27780585666
0.71 1.26982911336
0.72 1.261947463
0.73 1.25416043573
0.74 1.24646753186
0.75 1.23886822002
0.76 1.23136193592
0.77 1.22394808169
0.78 1.21662602567
0.79 1.20939510263
0.8 1.20225461433
0.81 1.19520383039
0.82 1.1882419894
0.83 1.18136830024
0.84 1.17458194359
0.85 1.16788207356
0.86 1.16126781939
0.87 1.15473828727
0.88 1.14829256224
0.89 1.14192970999
0.9 1.13564877887
0.91 1.12944880167
0.92 1.12332879759
0.93 1.11728777399
0.94 1.11132472829
0.95 1.10543864962
0.96 1.09962852057
0.97 1.09389331878
0.98 1.08823201852
0.99 1.08264359216
