# Compound dTTP

0.0 0.511225415584
0.01 0.565323698649
0.02 0.61780375111
0.03 0.665795362117
0.04 0.709774630665
0.05 0.750060416643
0.06 0.78679968606
0.07 0.820172525273
0.08 0.850057385641
0.09 0.876407592888
0.1 0.898955690422
0.11 0.919554040202
0.12 0.945563016765
0.13 0.961811760994
0.14 0.972294023304
0.15 0.979376201698
0.16 0.98443860568
0.17 0.988288139141
0.18 0.991401300058
0.19 0.994063307644
0.2 0.996447383792
0.21 0.998660209462
0.22 1.00076829462
0.23 1.00281350228
0.24 1.00482233619
0.25 1.00681159042
0.26 1.00879184231
0.27 1.01076964591
0.28 1.01274892929
0.29 1.01473189627
0.3 1.01671961521
0.31 1.01871240727
0.32 1.02071010466
0.33 1.02271222368
0.34 1.0247180813
0.35 1.02672687406
0.36 1.0287377316
0.37 1.03074975308
0.38 1.03276203182
0.39 1.03477367201
0.4 1.03678379989
0.41 1.03879157113
0.42 1.04079617556
0.43 1.04279684014
0.44 1.04479283051
0.45 1.0467834518
0.46 1.04876804873
0.47 1.05074600524
0.48 1.05271674387
0.49 1.05467972489
0.5 1.05663444526
0.51 1.05858043753
0.52 1.0605172686
0.53 1.0624445385
0.54 1.06436187908
0.55 1.06626895273
0.56 1.06816545105
0.57 1.0700510936
0.58 1.07192562652
0.59 1.07378882133
0.6 1.07564047365
0.61 1.07748040194
0.62 1.07930844631
0.63 1.08112446733
0.64 1.08292834489
0.65 1.08471997707
0.66 1.08649927904
0.67 1.08826618204
0.68 1.09002063234
0.69 1.09176259028
0.7 1.09349202929
0.71 1.09520893506
0.72 1.09691330457
0.73 1.09860514536
0.74 1.10028447468
0.75 1.10195131873
0.76 1.10360571199
0.77 1.1052476965
0.78 1.10687732119
0.79 1.10849464134
0.8 1.11009971795
0.81 1.11169261717
0.82 1.11327340987
0.83 1.11484217107
0.84 1.11639897955
0.85 1.11794391739
0.86 1.11947706959
0.87 1.1209985237
0.88 1.12250836949
0.89 1.12400669859
0.9 1.12549360425
0.91 1.12696918103
0.92 1.12843352455
0.93 1.12988673128
0.94 1.13132889832
0.95 1.13276012319
0.96 1.13418050367
0.97 1.13559013764
0.98 1.13698912292
0.99 1.13837755714
