# Compound trans-cinnamate

0.0 1.17223392483
0.01 1.07696174809
0.02 1.16924306143
0.03 1.26084803323
0.04 1.34851385547
0.05 1.42375176283
0.06 1.47226567768
0.07 1.51252115474
0.08 1.46844822129
0.09 1.36889520769
0.1 1.0642153617
0.11 3.33255100986
0.12 3.61508488607
0.13 3.74869882123
0.14 3.812142002
0.15 3.8409452773
0.16 3.85255680108
0.17 3.85597838449
0.18 3.85594127262
0.19 3.85490654739
0.2 3.85409880878
0.21 3.85406751072
0.22 3.85499999763
0.23 3.85689750775
0.24 3.85967346266
0.25 3.86320720407
0.26 3.86737222476
0.27 3.87204996686
0.28 3.87713563427
0.29 3.88253974728
0.3 3.88818756539
0.31 3.89401756396
0.32 3.89997960282
0.33 3.90603311194
0.34 3.91214544342
0.35 3.91829044383
0.36 3.92444725206
0.37 3.9305993046
0.38 3.93673352131
0.39 3.94283964328
0.4 3.94890969607
0.41 3.9549375553
0.42 3.9609185949
0.43 3.96684940209
0.44 3.97272754596
0.45 3.97855138925
0.46 3.98431993498
0.47 3.99003270112
0.48 3.99568961816
0.49 4.0012909451
0.5 4.00683720062
0.51 4.0123291066
0.52 4.01776754171
0.53 4.02315350341
0.54 4.02848807677
0.55 4.03377240899
0.56 4.03900768857
0.57 4.04419512837
0.58 4.04933595195
0.59 4.0544313825
0.6 4.05948263398
0.61 4.06449090418
0.62 4.06945736919
0.63 4.07438317918
0.64 4.07926945523
0.65 4.08411728698
0.66 4.08892773101
0.67 4.09370180977
0.68 4.098440511
0.69 4.10314478754
0.7 4.10781555741
0.71 4.1124537042
0.72 4.11706007757
0.73 4.12163549402
0.74 4.12618073763
0.75 4.13069656103
0.76 4.13518368637
0.77 4.13964280627
0.78 4.14407458496
0.79 4.14847965928
0.8 4.15285863975
0.81 4.15721211164
0.82 4.161540636
0.83 4.1658447507
0.84 4.17012497143
0.85 4.17438179266
0.86 4.17861568863
0.87 4.18282711421
0.88 4.18701650582
0.89 4.1911842823
0.9 4.19533084569
0.91 4.19945658203
0.92 4.20356186214
0.93 4.20764704232
0.94 4.21171246503
0.95 4.21575845957
0.96 4.21978534271
0.97 4.22379341926
0.98 4.22778298268
0.99 4.23175431561
