# Compound Cholesteryl-beta-D-glucoside

0.0 0.0600730175321
0.01 0.162115542629
0.02 0.300512761669
0.03 0.416127600993
0.04 0.513341171477
0.05 0.600463677444
0.06 0.680418603712
0.07 0.75439168911
0.08 0.822907872606
0.09 0.886541066404
0.1 0.945398981774
0.11 1.00132117368
0.12 1.05236466782
0.13 1.09563820009
0.14 1.13374802419
0.15 1.16816534375
0.16 1.19973875184
0.17 1.22898437743
0.18 1.25623991676
0.19 1.28174463004
0.2 1.30568081565
0.21 1.32819557352
0.22 1.34941252515
0.23 1.3694383969
0.24 1.38836694497
0.25 1.40628147278
0.26 1.42325657415
0.27 1.43935942607
0.28 1.4546507998
0.29 1.46918588153
0.3 1.48301495445
0.31 1.49618397439
0.32 1.50873506026
0.33 1.52070691468
0.34 1.53213518653
0.35 1.54305278491
0.36 1.55349015196
0.37 1.563475501
0.38 1.57303502519
0.39 1.58219308105
0.4 1.59097235052
0.41 1.59939398467
0.42 1.60747773157
0.43 1.61524205049
0.44 1.62270421426
0.45 1.62988040137
0.46 1.63678577898
0.47 1.64343457812
0.48 1.6498401619
0.49 1.65601508754
0.5 1.66197116303
0.51 1.66771949886
0.52 1.67327055547
0.53 1.6786341868
0.54 1.68381968034
0.55 1.68883579407
0.56 1.69369079054
0.57 1.6983924684
0.58 1.70294819153
0.59 1.70736491616
0.6 1.71164921592
0.61 1.71580730525
0.62 1.71984506104
0.63 1.72376804296
0.64 1.72758151225
0.65 1.73129044934
0.66 1.73489957033
0.67 1.73841334233
0.68 1.74183599785
0.69 1.74517154826
0.7 1.74842379642
0.71 1.7515963485
0.72 1.75469262507
0.73 1.75771587149
0.74 1.76066916773
0.75 1.76355543751
0.76 1.76637745697
0.77 1.76913786276
0.78 1.7718391597
0.79 1.77448372794
0.8 1.77707382977
0.81 1.77961161595
0.82 1.78209913174
0.83 1.78453832256
0.84 1.78693103933
0.85 1.78927904348
0.86 1.79158401172
0.87 1.79384754052
0.88 1.79607115032
0.89 1.79825628954
0.9 1.80040433834
0.91 1.80251661217
0.92 1.80459436515
0.93 1.80663879324
0.94 1.80865103725
0.95 1.81063218566
0.96 1.81258327732
0.97 1.81450530397
0.98 1.81639921267
0.99 1.81826590803
