# Compound H(2)O

0.0 2.13463753111
0.01 0.0
0.02 2.94991145207
0.03 3.97460963031
0.04 4.25617792072
0.05 4.29540388126
0.06 4.25934512699
0.07 4.19989126193
0.08 4.14167609739
0.09 4.08502496602
0.1 4.036771575
0.11 4.08859036659
0.12 3.98722259394
0.13 3.85824163574
0.14 3.73911000657
0.15 3.63859549891
0.16 3.55541609424
0.17 3.48586468978
0.18 3.42643009054
0.19 3.37443553367
0.2 3.32800386994
0.21 3.28585829036
0.22 3.24713011361
0.23 3.21121555344
0.24 3.17767991218
0.25 3.14619700871
0.26 3.11651199967
0.27 3.0884187982
0.28 3.06174626408
0.29 3.03634954797
0.3 3.01210443683
0.31 2.9889034565
0.32 2.96665302662
0.33 2.94527127332
0.34 2.92468627816
0.35 2.90483463714
0.36 2.88566025444
0.37 2.86711332333
0.38 2.8491494611
0.39 2.83172897347
0.4 2.81481622861
0.41 2.7983791245
0.42 2.78238863539
0.43 2.76681842559
0.44 2.75164452005
0.45 2.73684502311
0.46 2.72239987772
0.47 2.70829065886
0.48 2.6945003958
0.49 2.68101341854
0.5 2.66781522483
0.51 2.65489236444
0.52 2.64223233813
0.53 2.62982350908
0.54 2.61765502487
0.55 2.60571674863
0.56 2.59399919782
0.57 2.58249348982
0.58 2.57119129326
0.59 2.56008478431
0.6 2.54916660742
0.61 2.53842983978
0.62 2.52786795922
0.63 2.517474815
0.64 2.50724460122
0.65 2.49717183253
0.66 2.48725132198
0.67 2.47747816057
0.68 2.46784769863
0.69 2.45835552852
0.7 2.4489974688
0.71 2.43976954951
0.72 2.43066799869
0.73 2.42168922971
0.74 2.41282982973
0.75 2.40408654881
0.76 2.39545628991
0.77 2.38693609951
0.78 2.37852315897
0.79 2.37021477636
0.8 2.36200837895
0.81 2.35390150617
0.82 2.34589180299
0.83 2.33797701381
0.84 2.33015497672
0.85 2.32242361811
0.86 2.31478094769
0.87 2.30722505375
0.88 2.29975409878
0.89 2.29236631539
0.9 2.28506000238
0.91 2.27783352122
0.92 2.27068529258
0.93 2.26361379323
0.94 2.25661755301
0.95 2.24969515209
0.96 2.24284521831
0.97 2.23606642475
0.98 2.22935748744
0.99 2.22271716316
