# Compound polyprenylphosphate

0.0 2.85905653663
0.01 2.8207534808
0.02 2.89955031123
0.03 2.98451994177
0.04 3.07560317205
0.05 3.17018670473
0.06 3.26329092675
0.07 3.36436275777
0.08 3.44029843364
0.09 3.50440906465
0.1 3.48590332701
0.11 0.408924249171
0.12 1.77750560023
0.13 2.75513562213
0.14 3.48079184849
0.15 4.03038804534
0.16 4.45169212734
0.17 4.77728758535
0.18 5.03043814513
0.19 5.22821153462
0.2 5.38335148889
0.21 5.50549022144
0.22 5.60197411494
0.23 5.67844515125
0.24 5.73926011038
0.25 5.78779814558
0.26 5.82668953667
0.27 5.857987665
0.28 5.8832994368
0.29 5.90388490492
0.3 5.9207338141
0.31 5.93462470416
0.32 5.94617073203
0.33 5.95585531774
0.34 5.96405995303
0.35 5.97108594719
0.36 5.97717146556
0.37 5.98250490193
0.38 5.98723538814
0.39 5.99148106368
0.4 5.99533558878
0.41 5.99887327877
0.42 6.00215315407
0.43 6.00522213702
0.44 6.00811757638
0.45 6.01086924195
0.46 6.01350090103
0.47 6.01603156477
0.48 6.01847647397
0.49 6.02084787884
0.5 6.02315565607
0.51 6.02540779717
0.52 6.02761079506
0.53 6.02976995018
0.54 6.0318896129
0.55 6.03397337563
0.56 6.03602422493
0.57 6.0380446622
0.58 6.04003679932
0.59 6.04200243454
0.6 6.04394311274
0.61 6.0458601733
0.62 6.04775478817
0.63 6.04962799214
0.64 6.051480707
0.65 6.05331376082
0.66 6.05512790339
0.67 6.05692381858
0.68 6.05870213426
0.69 6.06046343039
0.7 6.06220824547
0.71 6.06393708185
0.72 6.0656504101
0.73 6.06734867251
0.74 6.06903228614
0.75 6.07070164521
0.76 6.07235712325
0.77 6.07399907482
0.78 6.07562783707
0.79 6.07724373104
0.8 6.07884706279
0.81 6.08043812447
0.82 6.08201719516
0.83 6.08358454172
0.84 6.08514041949
0.85 6.08668507301
0.86 6.08821873656
0.87 6.08974163481
0.88 6.09125398324
0.89 6.09275598872
0.9 6.0942478499
0.91 6.09572975766
0.92 6.0972018955
0.93 6.09866443992
0.94 6.10011756077
0.95 6.10156142156
0.96 6.10299617981
0.97 6.10442198732
0.98 6.10583899047
0.99 6.10724733044
