# Compound D-sorbitol6-phosphate

0.0 0.848109127337
0.01 0.973028780753
0.02 1.09002838373
0.03 1.19716112405
0.04 1.29058538095
0.05 1.37169121495
0.06 1.44197426672
0.07 1.50263616328
0.08 1.55479207127
0.09 1.59805073509
0.1 1.63216993616
0.11 1.63757087838
0.12 1.69014438571
0.13 1.73806367509
0.14 1.78006229358
0.15 1.81647258306
0.16 1.84805401522
0.17 1.87558453541
0.18 1.89973793272
0.19 1.92106459891
0.2 1.94000560624
0.21 1.9569140196
0.22 1.97207459481
0.23 1.98571959656
0.24 1.99804079527
0.25 2.0091983641
0.26 2.01932745257
0.27 2.02854308018
0.28 2.03694383218
0.29 2.0446147016
0.3 2.05162931669
0.31 2.05805171926
0.32 2.06393780786
0.33 2.06933652544
0.34 2.07429084801
0.35 2.07883861508
0.36 2.08301323219
0.37 2.08684426849
0.38 2.09035796719
0.39 2.09357768296
0.4 2.09652425778
0.41 2.09921634451
0.42 2.10167068586
0.43 2.10390235537
0.44 2.10592496561
0.45 2.10775084848
0.46 2.10939121131
0.47 2.11085627221
0.48 2.11215537751
0.49 2.1132971038
0.5 2.11428934652
0.51 2.1151393971
0.52 2.11585401017
0.53 2.11643946199
0.54 2.11690160161
0.55 2.11724589542
0.56 2.1174774662
0.57 2.11760112721
0.58 2.11762141221
0.59 2.11754260172
0.6 2.1173687461
0.61 2.11710368602
0.62 2.11675107032
0.63 2.11631437198
0.64 2.11579690214
0.65 2.11520182265
0.66 2.1145321571
0.67 2.11379080082
0.68 2.11298052965
0.69 2.11210400794
0.7 2.11116379561
0.71 2.11016235463
0.72 2.10910205476
0.73 2.10798517883
0.74 2.10681392746
0.75 2.10559042344
0.76 2.10431671566
0.77 2.10299478272
0.78 2.10162653628
0.79 2.10021382411
0.8 2.09875843292
0.81 2.09726209095
0.82 2.09572647042
0.83 2.09415318979
0.84 2.09254381585
0.85 2.09089986567
0.86 2.0892228085
0.87 2.08751406745
0.88 2.08577502112
0.89 2.08400700517
0.9 2.08221131377
0.91 2.08038920093
0.92 2.07854188185
0.93 2.07667053416
0.94 2.07477629907
0.95 2.07286028252
0.96 2.07092355625
0.97 2.06896715883
0.98 2.06699209664
0.99 2.06499934481
