# Compound protein

0.0 8.45262187629
0.01 7.38652980889
0.02 6.80162515266
0.03 6.27550530105
0.04 5.79012560072
0.05 5.32754108806
0.06 4.86725619079
0.07 4.43730523516
0.08 3.95008614728
0.09 3.44871713282
0.1 2.7903878989
0.11 4.30343713419
0.12 4.28459299745
0.13 4.21991625992
0.14 4.15221972896
0.15 4.09427837917
0.16 4.04864426076
0.17 4.0144465911
0.18 3.98984640262
0.19 3.97292872919
0.2 3.9620048347
0.21 3.9556862399
0.22 3.95287221785
0.23 3.95270833933
0.24 3.95453968145
0.25 3.9578679321
0.26 3.96231537228
0.27 3.96759603035
0.28 3.97349323467
0.29 3.97984246604
0.3 3.98651841652
0.31 3.99342529747
0.32 4.00048961196
0.33 4.0076547733
0.34 4.01487709531
0.35 4.02212279652
0.36 4.02936575191
0.37 4.03658579584
0.38 4.04376743192
0.39 4.05089884457
0.4 4.05797113518
0.41 4.06497772684
0.42 4.07191389652
0.43 4.0787764043
0.44 4.08556319743
0.45 4.09227317258
0.46 4.09890598368
0.47 4.10546188596
0.48 4.11194160891
0.49 4.11834625249
0.5 4.12467720226
0.51 4.13093605995
0.52 4.1371245866
0.53 4.14324465617
0.54 4.14929821771
0.55 4.15528726463
0.56 4.16121380984
0.57 4.16707986581
0.58 4.17288742861
0.59 4.17863846537
0.6 4.18433490445
0.61 4.18997862791
0.62 4.19557146587
0.63 4.20111519246
0.64 4.20661152293
0.65 4.21206211195
0.66 4.21746855262
0.67 4.22283237619
0.68 4.22815505241
0.69 4.23343799016
0.7 4.23868253855
0.71 4.24388998824
0.72 4.24906157293
0.73 4.25419847101
0.74 4.25930180735
0.75 4.26437265513
0.76 4.26941203768
0.77 4.27442093041
0.78 4.27940026267
0.79 4.28435091966
0.8 4.28927374425
0.81 4.29416953878
0.82 4.29903906687
0.83 4.30388305511
0.84 4.30870219475
0.85 4.31349714332
0.86 4.31826852614
0.87 4.32301693792
0.88 4.3277429441
0.89 4.33244708234
0.9 4.33712986377
0.91 4.34179177435
0.92 4.34643327602
0.93 4.35105480793
0.94 4.35565678756
0.95 4.36023961176
0.96 4.3648036578
0.97 4.36934928436
0.98 4.37387683246
0.99 4.37838662631
