# Compound poly(glycerolphosphate)

0.0 3.28963953119
0.01 3.01587669483
0.02 2.89174925044
0.03 2.75186150388
0.04 2.59499217172
0.05 2.41809916961
0.06 2.21520645454
0.07 2.00618896267
0.08 1.74630274901
0.09 1.46136671093
0.1 1.06787450402
0.11 2.44489287318
0.12 2.23275352181
0.13 2.08475597008
0.14 1.9844486968
0.15 1.91746011396
0.16 1.87318588409
0.17 1.8442505748
0.18 1.82564342773
0.19 1.81398961457
0.2 1.80702116387
0.21 1.80321323457
0.22 1.80153917382
0.23 1.80130662233
0.24 1.80204789713
0.25 1.80344655007
0.26 1.80528805915
0.27 1.80742666436
0.28 1.80976303608
0.29 1.81222922847
0.3 1.81477853963
0.31 1.81737867876
0.32 1.820007162
0.33 1.82264820961
0.34 1.82529065341
0.35 1.82792652349
0.36 1.8305500912
0.37 1.83315721831
0.38 1.83574491171
0.39 1.83831101603
0.4 1.84085399919
0.41 1.84337280046
0.42 1.84586672114
0.43 1.8483353443
0.44 1.85077847457
0.45 1.85319609215
0.46 1.85558831681
0.47 1.85795537941
0.48 1.86029759876
0.49 1.86261536277
0.5 1.86490911301
0.51 1.8671793317
0.52 1.86942653107
0.53 1.87165124441
0.54 1.8738540186
0.55 1.87603540797
0.56 1.87819596917
0.57 1.88033625701
0.58 1.88245682101
0.59 1.88455820268
0.6 1.8866409333
0.61 1.88870553223
0.62 1.89075250557
0.63 1.89278234521
0.64 1.89479552811
0.65 1.89679251589
0.66 1.89877375454
0.67 1.90073967434
0.68 1.90269068993
0.69 1.9046272004
0.7 1.90654958958
0.71 1.90845822634
0.72 1.91035346492
0.73 1.91223564537
0.74 1.91410509396
0.75 1.91596212362
0.76 1.91780703444
0.77 1.91964011414
0.78 1.92146163849
0.79 1.92327187188
0.8 1.92507106772
0.81 1.9268594689
0.82 1.9286373083
0.83 1.93040480918
0.84 1.93216218563
0.85 1.93390964299
0.86 1.93564737821
0.87 1.93737558032
0.88 1.9390944307
0.89 1.94080410353
0.9 1.94250476607
0.91 1.94419657901
0.92 1.94587969679
0.93 1.94755426788
0.94 1.94922043509
0.95 1.95087833581
0.96 1.95252810231
0.97 1.95416986195
0.98 1.95580373744
0.99 1.95742984704
