# Compound NADH

0.0 7.01736503985
0.01 8337.44591375
0.02 8337.44591375
0.03 8337.44591375
0.04 8337.44591375
0.05 8337.44591375
0.06 8337.44591375
0.07 8337.44591375
0.08 8337.44591375
0.09 8337.44591375
0.1 8337.44591375
0.11 8337.44591375
0.12 8337.44591375
0.13 8337.44591375
0.14 8337.44591375
0.15 8337.44591375
0.16 8337.44591375
0.17 8337.44591375
0.18 8337.44591375
0.19 8337.44591375
0.2 8337.44591375
0.21 8337.44591375
0.22 8337.44591375
0.23 8337.44591375
0.24 8337.44591375
0.25 8337.44591375
0.26 8337.44591375
0.27 8337.44591375
0.28 8337.44591375
0.29 8337.44591375
0.3 8337.44591375
0.31 8337.44591375
0.32 8337.44591375
0.33 8337.44591375
0.34 8337.44591375
0.35 8337.44591375
0.36 8337.44591375
0.37 8337.44591375
0.38 8337.44591375
0.39 8337.44591375
0.4 8337.44591375
0.41 8337.44591375
0.42 8337.44591375
0.43 8337.44591375
0.44 8337.44591375
0.45 8337.44591375
0.46 8337.44591375
0.47 8337.44591375
0.48 8337.44591375
0.49 8337.44591375
0.5 8337.44591375
0.51 8337.44591375
0.52 8337.44591375
0.53 8337.44591375
0.54 8337.44591375
0.55 8337.44591375
0.56 8337.44591375
0.57 8337.44591375
0.58 8337.44591375
0.59 8337.44591375
0.6 8337.44591375
0.61 8337.44591375
0.62 8337.44591375
0.63 8337.44591375
0.64 8337.44591375
0.65 8337.44591375
0.66 8337.44591375
0.67 8337.44591375
0.68 8337.44591375
0.69 8337.44591375
0.7 8337.44591375
0.71 8337.44591375
0.72 8337.44591375
0.73 8337.44591375
0.74 8337.44591375
0.75 8337.44591375
0.76 8337.44591375
0.77 8337.44591375
0.78 8337.44591375
0.79 8337.44591375
0.8 8337.44591375
0.81 8337.44591375
0.82 8337.44591375
0.83 8337.44591375
0.84 8337.44591375
0.85 8337.44591375
0.86 8337.44591375
0.87 8337.44591375
0.88 8337.44591375
0.89 8337.44591375
0.9 8337.44591375
0.91 8337.44591375
0.92 8337.44591375
0.93 8337.44591375
0.94 8337.44591375
0.95 8337.44591375
0.96 8337.44591375
0.97 8337.44591375
0.98 8337.44591375
0.99 8337.44591375
