# Compound 6-acetyl-D-glucose

0.0 1.71845357204
0.01 1.81061288624
0.02 2.08013061414
0.03 2.32733291718
0.04 2.53040493347
0.05 2.70547116208
0.06 2.86109926571
0.07 3.00234732783
0.08 3.13238613623
0.09 3.25339223167
0.1 3.36688139548
0.11 3.47454799657
0.12 3.57556189568
0.13 3.67270335918
0.14 3.76631757274
0.15 3.85642829593
0.16 3.94305965807
0.17 4.02630567675
0.18 4.10631820858
0.19 4.18327916581
0.2 4.25737767269
0.21 4.32879586395
0.22 4.39770178042
0.23 4.4642469154
0.24 4.52856639815
0.25 4.59078045938
0.26 4.65099636774
0.27 4.70931039902
0.28 4.76580962942
0.29 4.82057347453
0.3 4.87367496483
0.31 4.92518178003
0.32 4.97515707692
0.33 5.02366014712
0.34 5.07074693794
0.35 5.11647046495
0.36 5.16088113974
0.37 5.20402703174
0.38 5.24595407897
0.39 5.28670625944
0.4 5.32632573225
0.41 5.36485295522
0.42 5.40232678464
0.43 5.43878456107
0.44 5.47426218438
0.45 5.5087941805
0.46 5.54241376155
0.47 5.57515288088
0.48 5.60704228391
0.49 5.63811155578
0.5 5.66838916607
0.51 5.69790251138
0.52 5.72667795587
0.53 5.7547408701
0.54 5.78211566831
0.55 5.80882584432
0.56 5.83489400614
0.57 5.86034190935
0.58 5.88519048935
0.59 5.90945989245
0.6 5.93316950592
0.61 5.95633798703
0.62 5.97898329103
0.63 6.0011226982
0.64 6.02277283986
0.65 6.04394972356
0.66 6.06466875726
0.67 6.08494477269
0.68 6.10479204776
0.69 6.12422432828
0.7 6.14325484868
0.71 6.1618963521
0.72 6.18016110962
0.73 6.19806093873
0.74 6.21560722121
0.75 6.23281092013
0.76 6.24968259635
0.77 6.26623242425
0.78 6.28247020691
0.79 6.29840539064
0.8 6.31404707898
0.81 6.32940404605
0.82 6.34448474952
0.83 6.35929734288
0.84 6.37384968734
0.85 6.38814936322
0.86 6.40220368087
0.87 6.41601969114
0.88 6.42960419548
0.89 6.44296375555
0.9 6.45610470253
0.91 6.46903314599
0.92 6.48175498243
0.93 6.49427590349
0.94 6.50660140379
0.95 6.51873678846
0.96 6.53068718044
0.97 6.54245752737
0.98 6.5540526083
0.99 6.56547704007
