# Compound alpha-D-glucosylpoly(glycerolphosphate)

0.0 0.0467407616498
0.01 0.320503598013
0.02 0.444631042402
0.03 0.58451878896
0.04 0.741388121122
0.05 0.918281123225
0.06 1.1211738383
0.07 1.33019133017
0.08 1.59007754383
0.09 1.87501358191
0.1 2.26850578881
0.11 0.891487419657
0.12 1.10362677103
0.13 1.25162432275
0.14 1.35193159603
0.15 1.41892017888
0.16 1.46319440875
0.17 1.49212971804
0.18 1.51073686511
0.19 1.52239067827
0.2 1.52935912897
0.21 1.53316705827
0.22 1.53484111901
0.23 1.53507367051
0.24 1.53433239571
0.25 1.53293374277
0.26 1.53109223369
0.27 1.52895362848
0.28 1.52661725676
0.29 1.52415106437
0.3 1.52160175321
0.31 1.51900161408
0.32 1.51637313084
0.33 1.51373208323
0.34 1.51108963943
0.35 1.50845376935
0.36 1.50583020164
0.37 1.50322307453
0.38 1.50063538113
0.39 1.49806927681
0.4 1.49552629365
0.41 1.49300749238
0.42 1.49051357169
0.43 1.48804494854
0.44 1.48560181826
0.45 1.48318420069
0.46 1.48079197602
0.47 1.47842491342
0.48 1.47608269408
0.49 1.47376493006
0.5 1.47147117983
0.51 1.46920096114
0.52 1.46695376177
0.53 1.46472904843
0.54 1.46252627423
0.55 1.46034488487
0.56 1.45818432367
0.57 1.45604403583
0.58 1.45392347183
0.59 1.45182209016
0.6 1.44973935954
0.61 1.44767476061
0.62 1.44562778727
0.63 1.44359794763
0.64 1.44158476473
0.65 1.43958777695
0.66 1.4376065383
0.67 1.4356406185
0.68 1.43368960291
0.69 1.43175309244
0.7 1.42983070326
0.71 1.4279220665
0.72 1.42602682792
0.73 1.42414464747
0.74 1.42227519888
0.75 1.42041816922
0.76 1.41857325839
0.77 1.4167401787
0.78 1.41491865435
0.79 1.41310842096
0.8 1.41130922512
0.81 1.40952082394
0.82 1.40774298454
0.83 1.40597548366
0.84 1.4042181072
0.85 1.40247064985
0.86 1.40073291462
0.87 1.39900471252
0.88 1.39728586214
0.89 1.39557618931
0.9 1.39387552677
0.91 1.39218371382
0.92 1.39050059605
0.93 1.38882602496
0.94 1.38715985775
0.95 1.38550195703
0.96 1.38385219053
0.97 1.38221043089
0.98 1.3805765554
0.99 1.3789504458
