# Compound anthocyanidin-3-O-D-glucoside

0.0 7.78827986917
0.01 8.08246166592
0.02 8.0631273235
0.03 8.05604256554
0.04 8.0658888728
0.05 8.10429249431
0.06 8.19102067015
0.07 8.29293148948
0.08 8.52132414491
0.09 8.82699227966
0.1 9.42081919521
0.11 6.45118309495
0.12 6.17092701767
0.13 6.06296706126
0.14 6.02844288697
0.15 6.02531930657
0.16 6.03448053175
0.17 6.0469963638
0.18 6.05878005823
0.19 6.06813574081
0.2 6.07455344684
0.21 6.07809174731
0.22 6.07905644367
0.23 6.07783512299
0.24 6.07481547075
0.25 6.07034858473
0.26 6.06473597625
0.27 6.0582284778
0.28 6.05103061208
0.29 6.04330698728
0.3 6.03518897345
0.31 6.02678084868
0.32 6.01816510479
0.33 6.00940685858
0.34 6.00055743452
0.35 5.99165723195
0.36 5.98273799873
0.37 5.97382462501
0.38 5.96493655521
0.39 5.95608889946
0.4 5.94729330965
0.41 5.93855867197
0.42 5.92989165625
0.43 5.92129715335
0.44 5.91277862506
0.45 5.90433838509
0.46 5.89597782563
0.47 5.88769760079
0.48 5.8794977755
0.49 5.87137794685
0.5 5.86333734303
0.51 5.85537490428
0.52 5.84748934908
0.53 5.83967922833
0.54 5.83194296967
0.55 5.8242789137
0.56 5.81668534348
0.57 5.80916050854
0.58 5.8017026443
0.59 5.79430998773
0.6 5.7869807898
0.61 5.77971332545
0.62 5.77250590131
0.63 5.76535686169
0.64 5.75826459306
0.65 5.7512275274
0.66 5.74424414443
0.67 5.73731297314
0.68 5.73043259256
0.69 5.72360163205
0.7 5.71681877114
0.71 5.71008273897
0.72 5.70339231352
0.73 5.69674632058
0.74 5.69014363258
0.75 5.68358316725
0.76 5.67706388623
0.77 5.67058479362
0.78 5.66414493446
0.79 5.65774339318
0.8 5.65137929213
0.81 5.64505178998
0.82 5.63876008031
0.83 5.63250339005
0.84 5.62628097808
0.85 5.62009213381
0.86 5.61393617582
0.87 5.60781245054
0.88 5.60172033097
0.89 5.59565921546
0.9 5.58962852652
0.91 5.58362770968
0.92 5.57765623244
0.93 5.57171358318
0.94 5.5657992702
0.95 5.55991282076
0.96 5.55405378018
0.97 5.54822171097
0.98 5.542416192
0.99 5.53663681775
