# Compound arylbeta-D-glucoside

0.0 9.05840884426
0.01 9.34387141775
0.02 9.35044721527
0.03 9.37034198695
0.04 9.40746543522
0.05 9.47124658187
0.06 9.57730219949
0.07 9.69484639634
0.08 9.91456316552
0.09 10.1876581811
0.1 7.9948858119
0.11 7.17280911362
0.12 7.42189393684
0.13 7.64425315407
0.14 7.81457439129
0.15 7.93691050473
0.16 8.0216259108
0.17 8.07868134428
0.18 8.11602172121
0.19 8.13953901515
0.2 8.15345071867
0.21 8.16071857723
0.22 8.16340026794
0.23 8.16291703535
0.24 8.1602479714
0.25 8.15606741302
0.26 8.15084060109
0.27 8.14488962669
0.28 8.13843860892
0.29 8.13164452501
0.3 8.12461820486
0.31 8.11743861805
0.32 8.11016260184
0.33 8.10283149709
0.34 8.09547568882
0.35 8.08811772726
0.36 8.08077448619
0.37 8.07345866749
0.38 8.06617986032
0.39 8.05894529568
0.4 8.05176039163
0.41 8.04462915331
0.42 8.03755447175
0.43 8.03053835072
0.44 8.02358208236
0.45 8.01668638508
0.46 8.00985151384
0.47 8.00307734918
0.48 7.99636347007
0.49 7.98970921397
0.5 7.98311372662
0.51 7.97657600354
0.52 7.97009492462
0.53 7.9636692831
0.54 7.9572978097
0.55 7.9509791927
0.56 7.94471209475
0.57 7.93849516657
0.58 7.93232705843
0.59 7.92620642933
0.6 7.92013195459
0.61 7.91410233179
0.62 7.90811628557
0.63 7.90217257123
0.64 7.89626997759
0.65 7.89040732894
0.66 7.88458348641
0.67 7.87879734892
0.68 7.87304785351
0.69 7.86733397547
0.7 7.8616547281
0.71 7.85600916225
0.72 7.8503963657
0.73 7.84481546235
0.74 7.83926561132
0.75 7.83374600595
0.76 7.82825587276
0.77 7.82279447032
0.78 7.81736108818
0.79 7.81195504565
0.8 7.80657569072
0.81 7.80122239889
0.82 7.79589457205
0.83 7.79059163738
0.84 7.78531304625
0.85 7.78005827319
0.86 7.77482681484
0.87 7.76961818899
0.88 7.76443193357
0.89 7.75926760578
0.9 7.75412478114
0.91 7.74900305271
0.92 7.74390203018
0.93 7.73882133917
0.94 7.73376062041
0.95 7.72871952906
0.96 7.723697734
0.97 7.71869491721
0.98 7.71371077308
0.99 7.70874500789
