# Compound 4-(beta-D-glucosyloxy)benzoate

0.0 3.58586669432
0.01 4.22152870896
0.02 4.47351029849
0.03 4.75725299814
0.04 5.07402236303
0.05 5.42754843096
0.06 5.82431490664
0.07 6.22818849236
0.08 6.69661062998
0.09 7.18065316948
0.1 7.75364359307
0.11 7.4666320429
0.12 7.51436723817
0.13 7.58525699882
0.14 7.65269167749
0.15 7.70918602586
0.16 7.75385713996
0.17 7.78798638666
0.18 7.8133888643
0.19 7.83182284383
0.2 7.84480008532
0.21 7.8535519429
0.22 7.85905306897
0.23 7.86206249144
0.24 7.86316581757
0.25 7.86281255838
0.26 7.86134696153
0.27 7.85903255573
0.28 7.85607126521
0.29 7.85261809685
0.3 7.84879233348
0.31 7.8446860247
0.32 7.84037041371
0.33 7.83590079977
0.34 7.83132022081
0.35 7.82666224807
0.36 7.82195311296
0.37 7.81721333147
0.38 7.81245894969
0.39 7.80770250324
0.4 7.80295375963
0.41 7.7982202956
0.42 7.7935079483
0.43 7.78882116962
0.44 7.78416330591
0.45 7.77953681971
0.46 7.77494346643
0.47 7.77038443561
0.48 7.76586046436
0.49 7.76137192878
0.5 7.75691891778
0.51 7.75250129291
0.52 7.74811873693
0.53 7.74377079332
0.54 7.73945689836
0.55 7.73517640732
0.56 7.73092861578
0.57 7.72671277688
0.58 7.72252811549
0.59 7.71837383949
0.6 7.71424914905
0.61 7.71015324401
0.62 7.70608532972
0.63 7.70204462181
0.64 7.69803034975
0.65 7.69404175978
0.66 7.69007811697
0.67 7.68613870682
0.68 7.68222283642
0.69 7.67832983512
0.7 7.67445905498
0.71 7.67060987093
0.72 7.66678168077
0.73 7.66297390492
0.74 7.65918598614
0.75 7.65541738906
0.76 7.65166759972
0.77 7.64793612492
0.78 7.6442224917
0.79 7.64052624661
0.8 7.63684695509
0.81 7.63318420079
0.82 7.62953758484
0.83 7.62590672523
0.84 7.62229125608
0.85 7.61869082703
0.86 7.61510510252
0.87 7.6115337612
0.88 7.6079764953
0.89 7.60443301001
0.9 7.60090302291
0.91 7.59738626344
0.92 7.59388247228
0.93 7.59039140091
0.94 7.58691281106
0.95 7.58344647425
0.96 7.57999217133
0.97 7.57654969203
0.98 7.57311883455
0.99 7.56969940516
