# Compound ADP

0.0 6.50997970436
0.01 6.73134925434
0.02 6.85563218793
0.03 6.92491023627
0.04 6.95742271529
0.05 6.96286048762
0.06 6.94733533182
0.07 6.91459665873
0.08 6.86834255608
0.09 6.80818395041
0.1 6.73434954674
0.11 6.70922432988
0.12 6.63097387398
0.13 6.57116087095
0.14 6.5245355025
0.15 6.4877833395
0.16 6.45859849713
0.17 6.43528943069
0.18 6.41657462034
0.19 6.40146091379
0.2 6.38916521459
0.21 6.37906190911
0.22 6.37064655392
0.23 6.36351010994
0.24 6.35732011332
0.25 6.35180647642
0.26 6.34675044812
0.27 6.34197579693
0.28 6.3373416184
0.29 6.33273637753
0.3 6.32807292554
0.31 6.32328430911
0.32 6.31832023799
0.33 6.31314410767
0.34 6.30773049352
0.35 6.30206304688
0.36 6.29613273392
0.37 6.28993636645
0.38 6.28347538074
0.39 6.27675482647
0.4 6.26978253304
0.41 6.26256842519
0.42 6.25512396382
0.43 6.2474616915
0.44 6.2395948652
0.45 6.2315371615
0.46 6.22330244182
0.47 6.21490456721
0.48 6.20635725377
0.49 6.19767396162
0.5 6.18886781101
0.51 6.17995152061
0.52 6.17093736382
0.53 6.16183713935
0.54 6.15266215346
0.55 6.1434232113
0.56 6.13413061539
0.57 6.12479416977
0.58 6.11542318837
0.59 6.10602650663
0.6 6.09661249545
0.61 6.08718907684
0.62 6.07776374062
0.63 6.06834356186
0.64 6.05893521858
0.65 6.04954500952
0.66 6.04017887176
0.67 6.03084239798
0.68 6.02154085329
0.69 6.01227919155
0.7 6.00306207111
0.71 5.99389386981
0.72 5.98477869952
0.73 5.97572041985
0.74 5.96672265127
0.75 5.9577887876
0.76 5.94892200782
0.77 5.9401252873
0.78 5.93140140838
0.79 5.92275297046
0.8 5.91418239948
0.81 5.90569195687
0.82 5.89728374809
0.83 5.8889597306
0.84 5.88072172146
0.85 5.87257140446
0.86 5.86451033688
0.87 5.85653995589
0.88 5.84866158457
0.89 5.84087643763
0.9 5.83318562675
0.91 5.82559016576
0.92 5.81809097538
0.93 5.81068888787
0.94 5.80338465127
0.95 5.79617893357
0.96 5.78907232653
0.97 5.7820653494
0.98 5.7751584524
0.99 5.76835202002
