# Compound Dolichylbeta-D-glucosylphosphate

0.0 3.99970680121
0.01 3.97504718961
0.02 4.01448278093
0.03 4.04018364839
0.04 4.06045646765
0.05 4.07955961105
0.06 4.09886368837
0.07 4.11873037281
0.08 4.1392919893
0.09 4.16042133684
0.1 4.18187460947
0.11 4.1995188932
0.12 4.20384913969
0.13 4.21276149119
0.14 4.22532604328
0.15 4.24093541981
0.16 4.25912738423
0.17 4.27952329839
0.18 4.3018037751
0.19 4.32569670672
0.2 4.35096963677
0.21 4.37742386674
0.22 4.40488947671
0.23 4.43322101288
0.24 4.46229376181
0.25 4.4920005634
0.26 4.52224911242
0.27 4.55295969084
0.28 4.58406327093
0.29 4.61549993127
0.3 4.64721753345
0.31 4.67917061404
0.32 4.7113194538
0.33 4.74362929254
0.34 4.776069664
0.35 4.80861382995
0.36 4.84123829649
0.37 4.87392239929
0.38 4.90664794625
0.39 4.939398909
0.4 4.97216115552
0.41 5.004922218
0.42 5.03767109067
0.43 5.07039805359
0.44 5.10309451862
0.45 5.13575289471
0.46 5.16836646987
0.47 5.20092930768
0.48 5.2334361564
0.49 5.26588236915
0.5 5.2982638337
0.51 5.3305769107
0.52 5.36281837933
0.53 5.39498538932
0.54 5.42707541876
0.55 5.45908623683
0.56 5.49101587098
0.57 5.52286257789
0.58 5.55462481785
0.59 5.58630123218
0.6 5.61789062319
0.61 5.64939193654
0.62 5.68080424559
0.63 5.71212673757
0.64 5.74335870133
0.65 5.77449951653
0.66 5.80554864401
0.67 5.83650561729
0.68 5.86737003505
0.69 5.8981415544
0.7 5.92881988494
0.71 5.95940478355
0.72 5.98989604963
0.73 6.02029352095
0.74 6.05059707001
0.75 6.08080660064
0.76 6.11092204513
0.77 6.14094336158
0.78 6.1708705316
0.79 6.20070355814
0.8 6.23044246371
0.81 6.26008728864
0.82 6.28963808961
0.83 6.31909493829
0.84 6.34845792016
0.85 6.37772713337
0.86 6.40690268778
0.87 6.43598470408
0.88 6.46497331298
0.89 6.49386865448
0.9 6.52267087719
0.91 6.55138013777
0.92 6.57999660034
0.93 6.60852043599
0.94 6.63695182234
0.95 6.66529094307
0.96 6.69353798758
0.97 6.7216931506
0.98 6.74975663189
0.99 6.77772863587
