# Compound myo-inositol

0.0 5.30909201564
0.01 5.38538039841
0.02 5.47073863306
0.03 5.52095523876
0.04 5.56215762923
0.05 5.59948320875
0.06 5.63454121307
0.07 5.66781759673
0.08 5.69937714482
0.09 5.72940934594
0.1 5.75770282129
0.11 5.78574574359
0.12 5.81173752283
0.13 5.83117317904
0.14 5.84633304833
0.15 5.85862476143
0.16 5.86890512342
0.17 5.8777021172
0.18 5.88535104292
0.19 5.89207433807
0.2 5.89802750123
0.21 5.90332532315
0.22 5.90805687394
0.23 5.91229413531
0.24 5.91609706389
0.25 5.91951665554
0.26 5.9225968869
0.27 5.92537601951
0.28 5.92788753307
0.29 5.93016083433
0.3 5.93222182201
0.31 5.93409335294
0.32 5.93579563526
0.33 5.93734656469
0.34 5.93876201412
0.35 5.94005608415
0.36 5.94124132017
0.37 5.94232890067
0.38 5.94332880085
0.39 5.94424993466
0.4 5.94510027853
0.41 5.94588697897
0.42 5.94661644653
0.43 5.94729443784
0.44 5.94792612744
0.45 5.94851617075
0.46 5.94906875949
0.47 5.94958767036
0.48 5.95007630816
0.49 5.95053774387
0.5 5.95097474838
0.51 5.95138982254
0.52 5.95178522388
0.53 5.95216299042
0.54 5.95252496205
0.55 5.95287279958
0.56 5.95320800191
0.57 5.9535319214
0.58 5.95384577779
0.59 5.95415067065
0.6 5.9544475907
0.61 5.95473743003
0.62 5.9550209913
0.63 5.95529899615
0.64 5.95557209277
0.65 5.9558408628
0.66 5.95610582757
0.67 5.95636745385
0.68 5.95662615895
0.69 5.95688231548
0.7 5.95713625565
0.71 5.95738827512
0.72 5.95763863661
0.73 5.95788757312
0.74 5.95813529089
0.75 5.95838197206
0.76 5.95862777717
0.77 5.95887284735
0.78 5.95911730634
0.79 5.95936126239
0.8 5.95960480988
0.81 5.95984803087
0.82 5.96009099649
0.83 5.96033376819
0.84 5.96057639885
0.85 5.96081893388
0.86 5.96106141208
0.87 5.9613038665
0.88 5.96154632522
0.89 5.96178881203
0.9 5.962031347
0.91 5.96227394709
0.92 5.96251662659
0.93 5.96275939758
0.94 5.96300227035
0.95 5.96324525367
0.96 5.96348835516
0.97 5.96373158156
0.98 5.96397493891
0.99 5.96421843281
