# Compound alpha-D-glucosyl-protein

0.0 0.603040326877
0.01 1.66913239428
0.02 2.2540370505
0.03 2.78015690211
0.04 3.26553660245
0.05 3.72812111511
0.06 4.18840601237
0.07 4.618356968
0.08 5.10557605589
0.09 5.60694507035
0.1 6.26527430427
0.11 4.75222506897
0.12 4.77106920571
0.13 4.83574594324
0.14 4.9034424742
0.15 4.961383824
0.16 5.00701794241
0.17 5.04121561207
0.18 5.06581580055
0.19 5.08273347398
0.2 5.09365736847
0.21 5.09997596327
0.22 5.10278998531
0.23 5.10295386383
0.24 5.10112252172
0.25 5.09779427106
0.26 5.09334683089
0.27 5.08806617282
0.28 5.08216896849
0.29 5.07581973713
0.3 5.06914378665
0.31 5.06223690569
0.32 5.0551725912
0.33 5.04800742987
0.34 5.04078510785
0.35 5.03353940664
0.36 5.02629645126
0.37 5.01907640733
0.38 5.01189477124
0.39 5.00476335859
0.4 4.99769106799
0.41 4.99068447632
0.42 4.98374830664
0.43 4.97688579887
0.44 4.97009900573
0.45 4.96338903059
0.46 4.95675621949
0.47 4.9502003172
0.48 4.94372059425
0.49 4.93731595068
0.5 4.9309850009
0.51 4.92472614322
0.52 4.91853761657
0.53 4.912417547
0.54 4.90636398545
0.55 4.90037493853
0.56 4.89444839332
0.57 4.88858233736
0.58 4.88277477456
0.59 4.87702373779
0.6 4.87132729871
0.61 4.86568357526
0.62 4.86009073729
0.63 4.85454701071
0.64 4.84905068024
0.65 4.84360009121
0.66 4.83819365055
0.67 4.83282982697
0.68 4.82750715076
0.69 4.82222421301
0.7 4.81697966462
0.71 4.81177221492
0.72 4.80660063024
0.73 4.80146373216
0.74 4.79636039581
0.75 4.79128954804
0.76 4.78625016549
0.77 4.78124127276
0.78 4.77626194049
0.79 4.7713112835
0.8 4.76638845892
0.81 4.76149266439
0.82 4.7566231363
0.83 4.75177914806
0.84 4.74696000841
0.85 4.74216505985
0.86 4.73739367702
0.87 4.73264526525
0.88 4.72791925906
0.89 4.72321512083
0.9 4.71853233939
0.91 4.71387042882
0.92 4.70922892715
0.93 4.70460739523
0.94 4.70000541561
0.95 4.69542259141
0.96 4.69085854536
0.97 4.6863129188
0.98 4.68178537071
0.99 4.67727557686
