# Compound 3-phospho-D-glycerate

0.0 9.1640404935
0.01 9.13253664065
0.02 9.10837795132
0.03 9.09171247439
0.04 9.07962240631
0.05 9.07090929993
0.06 9.0648136488
0.07 9.06079113832
0.08 9.05842681136
0.09 9.05739533345
0.1 9.05743959134
0.11 9.05825625153
0.12 9.05996185415
0.13 9.06206665708
0.14 9.06422094855
0.15 9.0662511462
0.16 9.0680767766
0.17 9.06966674936
0.18 9.07101624065
0.19 9.07213437032
0.2 9.0730375401
0.21 9.07374575506
0.22 9.07428053423
0.23 9.07466368388
0.24 9.07491655468
0.25 9.07505958229
0.26 9.07511200385
0.27 9.07509168998
0.28 9.07501505646
0.29 9.07489703295
0.3 9.07475107301
0.31 9.07458919413
0.32 9.07442203894
0.33 9.07425895102
0.34 9.07410805969
0.35 9.07397636992
0.36 9.07386985401
0.37 9.07379354254
0.38 9.07375161299
0.39 9.07374747461
0.4 9.0737838487
0.41 9.07386284384
0.42 9.07398602573
0.43 9.07415448152
0.44 9.0743688788
0.45 9.07462951928
0.46 9.07493638747
0.47 9.07528919461
0.48 9.07568741813
0.49 9.07613033707
0.5 9.07661706357
0.51 9.07714657101
0.52 9.07771771886
0.53 9.07832927471
0.54 9.07897993366
0.55 9.07966833536
0.56 9.08039307894
0.57 9.08115273602
0.58 9.08194586204
0.59 9.08277100606
0.6 9.08362671923
0.61 9.08451156203
0.62 9.08542411044
0.63 9.08636296124
0.64 9.08732673637
0.65 9.08831408663
0.66 9.08932369471
0.67 9.09035427762
0.68 9.09140458868
0.69 9.09247341902
0.7 9.09355959872
0.71 9.09466199758
0.72 9.09577952565
0.73 9.09691113351
0.74 9.09805581224
0.75 9.09921259331
0.76 9.10038054824
0.77 9.10155878816
0.78 9.1027464632
0.79 9.10394276187
0.8 9.10514691024
0.81 9.10635817113
0.82 9.10757584325
0.83 9.10879926023
0.84 9.11002778966
0.85 9.11126083211
0.86 9.11249782008
0.87 9.113738217
0.88 9.11498151617
0.89 9.11622723975
0.9 9.11747493768
0.91 9.11872418665
0.92 9.11997458912
0.93 9.12122577226
0.94 9.12247738697
0.95 9.1237291069
0.96 9.1249806275
0.97 9.12623166505
0.98 9.12748195575
0.99 9.12873125483
