# Compound CDP-glucose

0.0 5.8964212248
0.01 5.89349923951
0.02 5.92158475611
0.03 5.96948219994
0.04 6.02662062577
0.05 6.08941974766
0.06 6.15593397957
0.07 6.22489049675
0.08 6.29544119458
0.09 6.36693128133
0.1 6.43890704459
0.11 6.51025476677
0.12 6.57985850116
0.13 6.64982886536
0.14 6.71860120622
0.15 6.78536309255
0.16 6.84970717445
0.17 6.91144289429
0.18 6.97049733276
0.19 7.02686297707
0.2 7.08056967441
0.21 7.1316690681
0.22 7.18022559218
0.23 7.22631102387
0.24 7.27000105302
0.25 7.31137305517
0.26 7.35050462048
0.27 7.38747257942
0.28 7.42235236577
0.29 7.45521761385
0.3 7.48613991971
0.31 7.5151887172
0.32 7.54243123379
0.33 7.56793250051
0.34 7.59175539766
0.35 7.61396072292
0.36 7.63460727226
0.37 7.65375192687
0.38 7.67144974144
0.39 7.68775403061
0.4 7.70271645155
0.41 7.71638708138
0.42 7.72881448879
0.43 7.74004579969
0.44 7.7501267568
0.45 7.75910177348
0.46 7.76701398215
0.47 7.77390527775
0.48 7.77981635656
0.49 7.78478675106
0.5 7.78885486115
0.51 7.79205798221
0.52 7.79443233051
0.53 7.7960130662
0.54 7.79683431444
0.55 7.79692918484
0.56 7.79632978961
0.57 7.79506726063
0.58 7.79317176573
0.59 7.79067252431
0.6 7.78759782257
0.61 7.78397502841
0.62 7.77983060624
0.63 7.7751901317
0.64 7.77007830645
0.65 7.7645189731
0.66 7.75853513028
0.67 7.75214894799
0.68 7.74538178316
0.69 7.7382541955
0.7 7.73078596361
0.71 7.72299610144
0.72 7.71490287496
0.73 7.7065238191
0.74 7.69787575497
0.75 7.68897480728
0.76 7.67983642198
0.77 7.670475384
0.78 7.66090583523
0.79 7.65114129249
0.8 7.64119466567
0.81 7.63107827581
0.82 7.62080387327
0.83 7.61038265578
0.84 7.59982528649
0.85 7.58914191183
0.86 7.57834217935
0.87 7.5674352553
0.88 7.55642984205
0.89 7.54533419528
0.9 7.53415614095
0.91 7.52290309195
0.92 7.51158206448
0.93 7.50019969414
0.94 7.48876225165
0.95 7.47727565825
0.96 7.46574550072
0.97 7.45417704602
0.98 7.44257525557
0.99 7.43094479916
