# Compound ROH

0.0 3.40793239131
0.01 3.19403492701
0.02 3.00481763545
0.03 2.82935731611
0.04 2.66805325523
0.05 2.52014048671
0.06 2.38462907281
0.07 2.26049728153
0.08 2.14676024287
0.09 2.04250296983
0.1 1.94688174672
0.11 1.85916716574
0.12 1.77861272047
0.13 1.70446394583
0.14 1.63606850258
0.15 1.57287432936
0.16 1.51441284741
0.17 1.46027969759
0.18 1.41011930558
0.19 1.36361395197
0.2 1.32047639304
0.21 1.28044490389
0.22 1.2432798591
0.23 1.20876125254
0.24 1.17668678352
0.25 1.14687028821
0.26 1.11914039052
0.27 1.09333930226
0.28 1.06932173421
0.29 1.04695389705
0.3 1.02611258006
0.31 1.00668429997
0.32 0.988564514963
0.33 0.971656899145
0.34 0.955872673953
0.35 0.94112999264
0.36 0.927353374354
0.37 0.914473184353
0.38 0.902425156988
0.39 0.891149958256
0.4 0.880592784867
0.41 0.870702996904
0.42 0.861433781387
0.43 0.852741844165
0.44 0.844587127795
0.45 0.836932553191
0.46 0.829743783038
0.47 0.822989005077
0.48 0.816638733578
0.49 0.810665627388
0.5 0.805044323146
0.51 0.799751282332
0.52 0.794764650938
0.53 0.790064130685
0.54 0.785630860758
0.55 0.781447309174
0.56 0.777497172922
0.57 0.773765286149
0.58 0.770237535678
0.59 0.766900783245
0.6 0.763742793879
0.61 0.760752169911
0.62 0.757918290125
0.63 0.755231253643
0.64 0.752681828128
0.65 0.750261401958
0.66 0.747961940053
0.67 0.745775943042
0.68 0.743696409499
0.69 0.741716801025
0.7 0.739831009907
0.71 0.738033329194
0.72 0.736318424957
0.73 0.734681310596
0.74 0.733117323009
0.75 0.731622100491
0.76 0.730191562229
0.77 0.728821889268
0.78 0.727509506831
0.79 0.726251067902
0.8 0.725043437964
0.81 0.723883680821
0.82 0.722769045402
0.83 0.721696953495
0.84 0.720664988331
0.85 0.719670883954
0.86 0.718712515332
0.87 0.71778788914
0.88 0.716895135177
0.89 0.716032498364
0.9 0.715198331292
0.91 0.714391087264
0.92 0.713609313819
0.93 0.712851646678
0.94 0.712116804104
0.95 0.711403581634
0.96 0.710710847164
0.97 0.710037536357
0.98 0.709382648358
0.99 0.708745241786
