# Compound 2-dehydro-D-glucose

0.0 8.98277630201
0.01 8.71364547199
0.02 8.53008296673
0.03 8.3742816449
0.04 8.24773996466
0.05 8.14342571682
0.06 8.05522231818
0.07 7.97835036542
0.08 7.90919035161
0.09 7.84539286776
0.1 7.78488777392
0.11 7.72841007843
0.12 7.67245439397
0.13 7.61098632852
0.14 7.54658674946
0.15 7.4806981299
0.16 7.4140943819
0.17 7.34718474358
0.18 7.28018941229
0.19 7.21323513173
0.2 7.1464048095
0.21 7.07976195956
0.22 7.01336189363
0.23 6.94725624726
0.24 6.88149436069
0.25 6.81612332756
0.26 6.7511875986
0.27 6.68672854123
0.28 6.62278411014
0.29 6.55938866724
0.3 6.49657293949
0.31 6.43436408512
0.32 6.37278583749
0.33 6.31185869904
0.34 6.25160016409
0.35 6.19202495447
0.36 6.13314525679
0.37 6.074970954
0.38 6.01750984626
0.39 5.96076785853
0.4 5.90474923333
0.41 5.84945670827
0.42 5.79489167854
0.43 5.74105434485
0.44 5.68794384753
0.45 5.63555838796
0.46 5.58389533793
0.47 5.53295133823
0.48 5.48272238718
0.49 5.43320392014
0.5 5.38439088077
0.51 5.33627778483
0.52 5.28885877733
0.53 5.24212768357
0.54 5.19607805476
0.55 5.15070320869
0.56 5.10599626614
0.57 5.06195018318
0.58 5.01855778004
0.59 4.9758117668
0.6 4.93370476617
0.61 4.89222933385
0.62 4.85137797647
0.63 4.81114316764
0.64 4.77151736207
0.65 4.73249300809
0.66 4.69406255877
0.67 4.65621848167
0.68 4.61895326745
0.69 4.58225943747
0.7 4.54612955041
0.71 4.51055620814
0.72 4.47553206076
0.73 4.44104981104
0.74 4.40710221828
0.75 4.37368210159
0.76 4.34078234277
0.77 4.30839588872
0.78 4.27651575353
0.79 4.24513502015
0.8 4.21424684191
0.81 4.18384444363
0.82 4.15392112259
0.83 4.12447024927
0.84 4.0954852679
0.85 4.06695969687
0.86 4.03888712894
0.87 4.01126123141
0.88 3.98407574611
0.89 3.95732448931
0.9 3.93100135155
0.91 3.90510029741
0.92 3.87961536515
0.93 3.85454066638
0.94 3.82987038562
0.95 3.80559877982
0.96 3.78172017786
0.97 3.75822898
0.98 3.73511965735
0.99 3.71238675123
