# Compound riboflavin

0.0 8.02521091151
0.01 8.28093979496
0.02 8.53682023782
0.03 8.66453107055
0.04 8.75072358389
0.05 8.81429377301
0.06 8.86240562286
0.07 8.8983023051
0.08 8.92361972721
0.09 8.94004570722
0.1 8.94792857791
0.11 8.95272379948
0.12 8.94857600761
0.13 8.92499911157
0.14 8.8899716714
0.15 8.848259698
0.16 8.80268101696
0.17 8.75491181966
0.18 8.70596506454
0.19 8.65646666417
0.2 8.60681352588
0.21 8.55726401895
0.22 8.50799014067
0.23 8.45910804628
0.24 8.41069634797
0.25 8.36280745976
0.26 8.31547493728
0.27 8.26871845724
0.28 8.22254735672
0.29 8.17696325152
0.3 8.13196203261
0.31 8.08753541902
0.32 8.04367217862
0.33 8.00035909107
0.34 7.95758170563
0.35 7.91532493338
0.36 7.87357350504
0.37 7.83231231928
0.38 7.79152670242
0.39 7.7512025963
0.4 7.71132668858
0.41 7.67188649718
0.42 7.6328704184
0.43 7.59426774675
0.44 7.55606867281
0.45 7.51826426459
0.46 7.48084643639
0.47 7.4438079088
0.48 7.40714216255
0.49 7.37084338819
0.5 7.33490643361
0.51 7.29932675057
0.52 7.26410034127
0.53 7.22922370593
0.54 7.19469379171
0.55 7.16050794373
0.56 7.12666385821
0.57 7.09315953822
0.58 7.05999325188
0.59 7.0271634934
0.6 6.99466894668
0.61 6.96250845171
0.62 6.93068097354
0.63 6.89918557387
0.64 6.86802138505
0.65 6.83718758657
0.66 6.80668338375
0.67 6.77650798865
0.68 6.74666060302
0.69 6.71714040314
0.7 6.6879465266
0.71 6.65907806066
0.72 6.63053403229
0.73 6.60231339966
0.74 6.57441504498
0.75 6.54683776869
0.76 6.51958028475
0.77 6.49264121703
0.78 6.46601909671
0.79 6.43971236056
0.8 6.41371935003
0.81 6.38803831109
0.82 6.36266739475
0.83 6.33760465813
0.84 6.31284806614
0.85 6.28839549351
0.86 6.26424472739
0.87 6.24039347014
0.88 6.21683934252
0.89 6.19357988718
0.9 6.17061257224
0.91 6.14793479518
0.92 6.12554388677
0.93 6.10343711518
0.94 6.08161169009
0.95 6.06006476697
0.96 6.03879345122
0.97 6.01779480246
0.98 5.99706583868
0.99 5.97660354045
