# Compound 1-galloyl-beta-D-glucose

0.0 9.66249631727
0.01 10.9107100947
0.02 11.268604787
0.03 11.6769123729
0.04 12.1392877562
0.05 12.670586763
0.06 13.2990668105
0.07 13.9237821382
0.08 14.7699046823
0.09 10.9975094686
0.1 8.13159255772
0.11 7.30823931426
0.12 9.52042600566
0.13 10.7658563874
0.14 11.4539132054
0.15 11.8281325001
0.16 12.0275458725
0.17 12.1301616803
0.18 12.1793930752
0.19 12.1993110457
0.2 12.2032426246
0.21 12.1985607476
0.22 12.1893382723
0.23 12.177816607
0.24 12.1652194229
0.25 12.1522047531
0.26 12.139117013
0.27 12.1261279006
0.28 12.1133152896
0.29 12.1007073519
0.3 12.0883070964
0.31 12.0761058478
0.32 12.0640904766
0.33 12.0522471134
0.34 12.0405629061
0.35 12.0290267104
0.36 12.0176292198
0.37 12.0063628237
0.38 11.9952213524
0.39 11.9841997942
0.4 11.9732940284
0.41 11.9625005949
0.42 11.9518165035
0.43 11.9412390853
0.44 11.9307658788
0.45 11.9203945481
0.46 11.9101228245
0.47 11.8999484689
0.48 11.8898692479
0.49 11.879882922
0.5 11.869987241
0.51 11.8601799452
0.52 11.8504587695
0.53 11.8408214507
0.54 11.8312657345
0.55 11.821789384
0.56 11.8123901873
0.57 11.8030659645
0.58 11.7938145744
0.59 11.78463392
0.6 11.7755219534
0.61 11.7664766795
0.62 11.7574961588
0.63 11.7485785104
0.64 11.7397219128
0.65 11.7309246052
0.66 11.722184888
0.67 11.7135011227
0.68 11.7048717315
0.69 11.6962951964
0.7 11.6877700584
0.71 11.6792949161
0.72 11.6708684245
0.73 11.6624892932
0.74 11.6541562848
0.75 11.6458682134
0.76 11.6376239425
0.77 11.6294223835
0.78 11.6212624937
0.79 11.6131432745
0.8 11.6050637698
0.81 11.5970230639
0.82 11.5890202802
0.83 11.5810545793
0.84 11.5731251571
0.85 11.5652312438
0.86 11.5573721018
0.87 11.5495470245
0.88 11.5417553349
0.89 11.5339963841
0.9 11.5262695501
0.91 11.5185742362
0.92 11.5109098704
0.93 11.5032759036
0.94 11.495671809
0.95 11.4880970807
0.96 11.4805512328
0.97 11.4730337986
0.98 11.4655443294
0.99 11.4580823937
