# Compound indole-3-acetate

0.0 3.00231308823
0.01 2.88903419692
0.02 2.86661344845
0.03 2.83842524415
0.04 2.80328122821
0.05 2.75839784232
0.06 2.69902403118
0.07 2.63406962596
0.08 2.53671737626
0.09 2.41886552999
0.1 2.23038969415
0.11 0.635078867618
0.12 1.16633588571
0.13 1.55123116961
0.14 1.8398515057
0.15 2.06035355618
0.16 2.23073534451
0.17 2.36343825718
0.18 2.46745723833
0.19 2.54946433185
0.2 2.61448495166
0.21 2.66634175306
0.22 2.70796253187
0.23 2.74160121862
0.24 2.76899995113
0.25 2.79150966169
0.26 2.81018073174
0.27 2.82583168603
0.28 2.8391015769
0.29 2.85049013984
0.3 2.86038870923
0.31 2.8691041075
0.32 2.87687716147
0.33 2.88389709136
0.34 2.8903127166
0.35 2.89624119844
0.36 2.90177487105
0.37 2.90698658566
0.38 2.91193389574
0.39 2.91666233721
0.4 2.92120800128
0.41 2.9255995534
0.42 2.92985981832
0.43 2.93400702494
0.44 2.93805578415
0.45 2.9420178571
0.46 2.94590275887
0.47 2.94971823286
0.48 2.9534706235
0.49 2.9571651692
0.5 2.96080623247
0.51 2.96439748078
0.52 2.96794202861
0.53 2.97144254908
0.54 2.97490136167
0.55 2.97832050112
0.56 2.98170177163
0.57 2.98504678941
0.58 2.98835701626
0.59 2.99163378598
0.6 2.99487832516
0.61 2.9980917697
0.62 3.00127517788
0.63 3.0044295407
0.64 3.00755579025
0.65 3.01065480634
0.66 3.01372742194
0.67 3.01677442757
0.68 3.01979657493
0.69 3.02279457999
0.7 3.02576912548
0.71 3.02872086315
0.72 3.03165041559
0.73 3.034558378
0.74 3.0374453196
0.75 3.04031178501
0.76 3.04315829548
0.77 3.04598535002
0.78 3.04879342645
0.79 3.05158298239
0.8 3.05435445619
0.81 3.05710826783
0.82 3.05984481973
0.83 3.06256449756
0.84 3.06526767104
0.85 3.0679546946
0.86 3.07062590814
0.87 3.07328163767
0.88 3.07592219596
0.89 3.07854788314
0.9 3.08115898731
0.91 3.08375578507
0.92 3.08633854212
0.93 3.08890751367
0.94 3.09146294505
0.95 3.09400507208
0.96 3.09653412159
0.97 3.09905031179
0.98 3.10155385272
0.99 3.10404494663
