# Compound UDP-glucuronate

0.0 5.10708451079
0.01 8334.60216737
0.02 8334.60216737
0.03 8334.60216737
0.04 8334.60216737
0.05 8334.60216737
0.06 8334.60216737
0.07 8334.60216737
0.08 8334.60216737
0.09 8334.60216737
0.1 8334.60216737
0.11 8334.60216737
0.12 8334.60216737
0.13 8334.60216737
0.14 8334.60216737
0.15 8334.60216737
0.16 8334.60216737
0.17 8334.60216737
0.18 8334.60216737
0.19 8334.60216737
0.2 8334.60216737
0.21 8334.60216737
0.22 8334.60216737
0.23 8334.60216737
0.24 8334.60216737
0.25 8334.60216737
0.26 8334.60216737
0.27 8334.60216737
0.28 8334.60216737
0.29 8334.60216737
0.3 8334.60216737
0.31 8334.60216737
0.32 8334.60216737
0.33 8334.60216737
0.34 8334.60216737
0.35 8334.60216737
0.36 8334.60216737
0.37 8334.60216737
0.38 8334.60216737
0.39 8334.60216737
0.4 8334.60216737
0.41 8334.60216737
0.42 8334.60216737
0.43 8334.60216737
0.44 8334.60216737
0.45 8334.60216737
0.46 8334.60216737
0.47 8334.60216737
0.48 8334.60216737
0.49 8334.60216737
0.5 8334.60216737
0.51 8334.60216737
0.52 8334.60216737
0.53 8334.60216737
0.54 8334.60216737
0.55 8334.60216737
0.56 8334.60216737
0.57 8334.60216737
0.58 8334.60216737
0.59 8334.60216737
0.6 8334.60216737
0.61 8334.60216737
0.62 8334.60216737
0.63 8334.60216737
0.64 8334.60216737
0.65 8334.60216737
0.66 8334.60216737
0.67 8334.60216737
0.68 8334.60216737
0.69 8334.60216737
0.7 8334.60216737
0.71 8334.60216737
0.72 8334.60216737
0.73 8334.60216737
0.74 8334.60216737
0.75 8334.60216737
0.76 8334.60216737
0.77 8334.60216737
0.78 8334.60216737
0.79 8334.60216737
0.8 8334.60216737
0.81 8334.60216737
0.82 8334.60216737
0.83 8334.60216737
0.84 8334.60216737
0.85 8334.60216737
0.86 8334.60216737
0.87 8334.60216737
0.88 8334.60216737
0.89 8334.60216737
0.9 8334.60216737
0.91 8334.60216737
0.92 8334.60216737
0.93 8334.60216737
0.94 8334.60216737
0.95 8334.60216737
0.96 8334.60216737
0.97 8334.60216737
0.98 8334.60216737
0.99 8334.60216737
