# Compound 5'-O-beta-D-glucosylpyridoxine

0.0 2.45394049283
0.01 3.40232262023
0.02 3.77030972947
0.03 4.18369751245
0.04 4.64481464901
0.05 5.16215567641
0.06 5.7527158554
0.07 6.34831708906
0.08 7.09008824239
0.09 7.88526627753
0.1 8.97400066716
0.11 6.25061741478
0.12 6.17585537702
0.13 6.21410091207
0.14 6.27439019192
0.15 6.32853846059
0.16 6.36972394487
0.17 6.39822305283
0.18 6.41631694795
0.19 6.42649866779
0.2 6.43090531325
0.21 6.43120307722
0.22 6.42862890802
0.23 6.42407460027
0.24 6.41817095825
0.25 6.41135841761
0.26 6.40394178526
0.27 6.39613081681
0.28 6.38806944655
0.29 6.37985642523
0.3 6.37155967473
0.31 6.36322615663
0.32 6.35488859383
0.33 6.34657001474
0.34 6.33828680826
0.35 6.33005076962
0.36 6.32187046879
0.37 6.31375216696
0.38 6.30570043404
0.39 6.29771856907
0.4 6.28980889131
0.41 6.28197294663
0.42 6.27421165824
0.43 6.26652544044
0.44 6.25891428764
0.45 6.25137784616
0.46 6.24391547382
0.47 6.23652629042
0.48 6.22920922101
0.49 6.22196303345
0.5 6.21478637093
0.51 6.20767778036
0.52 6.20063573685
0.53 6.19365866494
0.54 6.1867449568
0.55 6.17989298767
0.56 6.17310112904
0.57 6.16636775962
0.58 6.15969127444
0.59 6.15307009233
0.6 6.146502662
0.61 6.13998746677
0.62 6.13352302834
0.63 6.12710790958
0.64 6.12074071652
0.65 6.11442009976
0.66 6.10814475522
0.67 6.10191342448
0.68 6.09572489474
0.69 6.08957799844
0.7 6.08347161262
0.71 6.07740465811
0.72 6.07137609852
0.73 6.06538493911
0.74 6.05943022558
0.75 6.05351104279
0.76 6.04762651342
0.77 6.04177579664
0.78 6.03595808668
0.79 6.03017261152
0.8 6.02441863148
0.81 6.01869543793
0.82 6.01300235192
0.83 6.00733872292
0.84 6.00170392758
0.85 5.99609736848
0.86 5.99051847297
0.87 5.98496669206
0.88 5.97944149926
0.89 5.97394238961
0.9 5.96846887861
0.91 5.96302050128
0.92 5.95759681123
0.93 5.95219737977
0.94 5.94682179506
0.95 5.94146966133
0.96 5.93614059806
0.97 5.9308342393
0.98 5.92555023293
0.99 5.92028824002
