# Compound glycoproteinD-mannose

0.0 3.72475700848
0.01 3.24246309201
0.02 3.05101284425
0.03 2.83911213056
0.04 2.60773948244
0.05 2.35740965189
0.06 2.08853505142
0.07 1.82378856201
0.08 1.54282567474
0.09 1.27350615897
0.1 1.00512210889
0.11 0.534762123014
0.12 0.477878192633
0.13 0.437689764569
0.14 0.410458484167
0.15 0.392456869544
0.16 0.380821492602
0.17 0.373514625338
0.18 0.369129219082
0.19 0.366706859209
0.2 0.365598995896
0.21 0.365368149171
0.22 0.365719618833
0.23 0.36645495749
0.24 0.367440509877
0.25 0.368586224607
0.26 0.369831411945
0.27 0.371135176559
0.28 0.372469988862
0.29 0.373817361139
0.3 0.375164934957
0.31 0.376504515461
0.32 0.377830741697
0.33 0.379140184902
0.34 0.38043073532
0.35 0.381701184003
0.36 0.382950936731
0.37 0.384179817697
0.38 0.385387934357
0.39 0.386575584113
0.4 0.387743189669
0.41 0.388891254143
0.42 0.390020329816
0.43 0.391130996349
0.44 0.392223845588
0.45 0.39329947099
0.46 0.394358460289
0.47 0.395401390453
0.48 0.396428824272
0.49 0.397441308107
0.5 0.398439370469
0.51 0.399423521198
0.52 0.400394251077
0.53 0.401352031754
0.54 0.402297315891
0.55 0.403230537472
0.56 0.404152112226
0.57 0.40506243813
0.58 0.405961895967
0.59 0.40685084991
0.6 0.407729648135
0.61 0.408598623437
0.62 0.409458093849
0.63 0.410308363249
0.64 0.411149721964
0.65 0.411982447353
0.66 0.412806804378
0.67 0.413623046156
0.68 0.41443141449
0.69 0.415232140382
0.7 0.416025444523
0.71 0.416811537769
0.72 0.417590621591
0.73 0.418362888506
0.74 0.419128522494
0.75 0.419887699393
0.76 0.420640587275
0.77 0.421387346805
0.78 0.42212813159
0.79 0.422863088503
0.8 0.423592357997
0.81 0.424316074402
0.82 0.425034366216
0.83 0.425747356369
0.84 0.426455162486
0.85 0.427157897136
0.86 0.427855668066
0.87 0.428548578423
0.88 0.429236726977
0.89 0.429920208317
0.9 0.430599113054
0.91 0.431273528004
0.92 0.431943536367
0.93 0.432609217898
0.94 0.433270649068
0.95 0.433927903221
0.96 0.434581050723
0.97 0.435230159101
0.98 0.435875293176
0.99 0.4365165152
