# Compound scopoletin

0.0 2.93960828103
0.01 2.81464744156
0.02 2.77308303285
0.03 2.72400513412
0.04 2.66628364007
0.05 2.59768615364
0.06 2.51461962485
0.07 2.42458085184
0.08 2.30818836529
0.09 2.17546204542
0.1 1.99548137845
0.11 1.13665602192
0.12 1.27294289267
0.13 1.37107655947
0.14 1.44550787597
0.15 1.50366806238
0.16 1.54996979703
0.17 1.58732818129
0.18 1.6178073003
0.19 1.6429310456
0.2 1.66385273931
0.21 1.68145858637
0.22 1.69643624818
0.23 1.70932292652
0.24 1.72054033355
0.25 1.73042074095
0.26 1.73922670428
0.27 1.74716617363
0.28 1.75440417067
0.29 1.76107187189
0.3 1.76727371029
0.31 1.7730929497
0.32 1.77859607369
0.33 1.78383624955
0.34 1.78885606734
0.35 1.79368970897
0.36 1.79836466783
0.37 1.80290311351
0.38 1.80732297542
0.39 1.8116388039
0.4 1.81586245475
0.41 1.82000363357
0.42 1.82407032873
0.43 1.82806915592
0.44 1.83200563231
0.45 1.83588439471
0.46 1.83970937324
0.47 1.84348392957
0.48 1.84721096698
0.49 1.85089301789
0.5 1.85453231363
0.51 1.85813083996
0.52 1.86169038123
0.53 1.86521255559
0.54 1.86869884305
0.55 1.87215060778
0.56 1.875569116
0.57 1.87895555014
0.58 1.88231102031
0.59 1.88563657337
0.6 1.88893320028
0.61 1.89220184206
0.62 1.89544339459
0.63 1.89865871251
0.64 1.9018486125
0.65 1.90501387594
0.66 1.90815525119
0.67 1.91127345552
0.68 1.91436917674
0.69 1.9174430747
0.7 1.92049578254
0.71 1.92352790791
0.72 1.92654003396
0.73 1.92953272042
0.74 1.93250650445
0.75 1.93546190153
0.76 1.93839940632
0.77 1.94131949343
0.78 1.94422261818
0.79 1.94710921736
0.8 1.94997970993
0.81 1.95283449772
0.82 1.9556739661
0.83 1.95849848464
0.84 1.96130840773
0.85 1.96410407523
0.86 1.96688581302
0.87 1.96965393362
0.88 1.97240873672
0.89 1.97515050976
0.9 1.97787952842
0.91 1.98059605714
0.92 1.98330034961
0.93 1.98599264925
0.94 1.98867318964
0.95 1.991342195
0.96 1.99399988056
0.97 1.99664645299
0.98 1.99928211078
0.99 2.00190704465
