# Compound Proteinalpha-D-glucosyl-1,2-beta-D-galactosyl-L-hydroxylysine

0.0 7.2194968145
0.01 6.5563717495
0.02 6.50694842938
0.03 6.34805134497
0.04 6.16926223902
0.05 5.99234446099
0.06 5.82369874364
0.07 5.6648216156
0.08 5.51547738664
0.09 5.37508932324
0.1 5.24284402205
0.11 5.11941868888
0.12 5.00054047508
0.13 4.88890711872
0.14 4.78482027918
0.15 4.68765714159
0.16 4.59663651672
0.17 4.51106023503
0.18 4.43035836924
0.19 4.35407373326
0.2 4.28183497016
0.21 4.2133332221
0.22 4.1483051155
0.23 4.08652113357
0.24 4.02777781344
0.25 3.97189245814
0.26 3.9186994505
0.27 3.86804758305
0.28 3.81979804273
0.29 3.77382283142
0.3 3.73000348886
0.31 3.68823003537
0.32 3.64840008107
0.33 3.61041806584
0.34 3.57419460468
0.35 3.53964591966
0.36 3.50669334398
0.37 3.47526288668
0.38 3.4452848486
0.39 3.41669348204
0.4 3.38942668775
0.41 3.36342574401
0.42 3.33863506331
0.43 3.31500197312
0.44 3.29247651747
0.45 3.27101127678
0.46 3.25056120376
0.47 3.23108347342
0.48 3.21253734561
0.49 3.19488403876
0.5 3.1780866135
0.51 3.16210986522
0.52 3.14692022474
0.53 3.13248566612
0.54 3.11877562111
0.55 3.10576089952
0.56 3.09341361508
0.57 3.0817071162
0.58 3.07061592133
0.59 3.06011565839
0.6 3.0501830082
0.61 3.04079565124
0.62 3.03193221781
0.63 3.02357224115
0.64 3.01569611335
0.65 3.00828504384
0.66 3.00132102027
0.67 2.99478677164
0.68 2.98866573353
0.69 2.98294201519
0.7 2.9776003685
0.71 2.97262615859
0.72 2.96800533604
0.73 2.96372441058
0.74 2.95977042611
0.75 2.95613093707
0.76 2.95279398603
0.77 2.94974808236
0.78 2.94698218204
0.79 2.94448566845
0.8 2.9422483341
0.81 2.94026036326
0.82 2.93851231546
0.83 2.93699510975
0.84 2.93570000972
0.85 2.93461860923
0.86 2.93374281881
0.87 2.93306485271
0.88 2.93257721651
0.89 2.93227269533
0.9 2.93214434256
0.91 2.93218546911
0.92 2.93238963314
0.93 2.93275063022
0.94 2.93326248397
0.95 2.93391943709
0.96 2.93471594276
0.97 2.93564665645
0.98 2.93670642805
0.99 2.93789029438
