# Compound isovitexin2''-O-beta-D-glucoside

0.0 8.03153341652
0.01 8.26434861602
0.02 8.28728854876
0.03 8.32004201147
0.04 8.36495533974
0.05 8.42811065274
0.06 8.51989098967
0.07 8.61998501435
0.08 8.78856654421
0.09 8.99692288716
0.1 9.35417008303
0.11 8.25805568953
0.12 7.95834118373
0.13 7.78264889184
0.14 7.67408195325
0.15 7.60496354162
0.16 7.56017426993
0.17 7.53074059612
0.18 7.5110492983
0.19 7.4974840417
0.2 7.48768260509
0.21 7.48009718517
0.22 7.47371890924
0.23 7.4678989393
0.24 7.46222974228
0.25 7.45646525207
0.26 7.45046676984
0.27 7.44416615958
0.28 7.43754078556
0.29 7.43059647861
0.3 7.42335601861
0.31 7.41585141781
0.32 7.40811882511
0.33 7.40019523532
0.34 7.39211643681
0.35 7.38391580278
0.36 7.37562365107
0.37 7.36726698075
0.38 7.35886945238
0.39 7.35045151975
0.4 7.3420306502
0.41 7.3336215906
0.42 7.3252366508
0.43 7.31688598607
0.44 7.30857786724
0.45 7.30031893176
0.46 7.29211441255
0.47 7.28396834333
0.48 7.27588374068
0.49 7.26786276388
0.5 7.25990685428
0.51 7.25201685587
0.52 7.24419311897
0.53 7.23643558916
0.54 7.22874388291
0.55 7.22111735189
0.56 7.21355513727
0.57 7.20605621547
0.58 7.19861943654
0.59 7.19124355622
0.6 7.18392726261
0.61 7.1766691983
0.62 7.16946797857
0.63 7.16232220632
0.64 7.15523048424
0.65 7.14819142461
0.66 7.1412036572
0.67 7.13426583542
0.68 7.12737664123
0.69 7.12053478878
0.7 7.11373902714
0.71 7.10698814231
0.72 7.10028095842
0.73 7.09361633858
0.74 7.08699318513
0.75 7.08041043966
0.76 7.07386708262
0.77 7.06736213283
0.78 7.06089464671
0.79 7.05446371743
0.8 7.0480684739
0.81 7.04170807972
0.82 7.03538173208
0.83 7.02908866061
0.84 7.02282812616
0.85 7.01659941969
0.86 7.01040186104
0.87 7.00423479777
0.88 6.99809760404
0.89 6.99198967945
0.9 6.98591044798
0.91 6.97985935687
0.92 6.97383587563
0.93 6.96783949503
0.94 6.96186972612
0.95 6.9559260993
0.96 6.95000816346
0.97 6.94411548509
0.98 6.93824764745
0.99 6.93240424984
