# Compound cellobiose

0.0 5.91456070194
0.01 5.90951199857
0.02 5.89166287114
0.03 5.86298631593
0.04 5.82534701689
0.05 5.78039046599
0.06 5.72952007095
0.07 5.67394765739
0.08 5.61468511438
0.09 5.55265881764
0.1 5.4886685471
0.11 5.42376851902
0.12 5.35774917835
0.13 5.29038810978
0.14 5.22259906131
0.15 5.15495176339
0.16 5.08779878503
0.17 5.02135704329
0.18 4.95575853302
0.19 4.89108171477
0.2 4.82737101672
0.21 4.76464905489
0.22 4.70292437033
0.23 4.64219638281
0.24 4.58245859903
0.25 4.52370071408
0.26 4.46591000305
0.27 4.40907225197
0.28 4.35317238599
0.29 4.29819489602
0.3 4.24412412964
0.31 4.19094448917
0.32 4.13864056566
0.33 4.08719722802
0.34 4.03659968049
0.35 3.98683349749
0.36 3.93788464231
0.37 3.88973947422
0.38 3.84238474718
0.39 3.79580760267
0.4 3.74999555834
0.41 3.70493649387
0.42 3.66061863492
0.43 3.61703053604
0.44 3.57416106307
0.45 3.53199937532
0.46 3.49053490812
0.47 3.44975735569
0.48 3.40965665468
0.49 3.37022296843
0.5 3.33144667207
0.51 3.29331833845
0.52 3.25582872502
0.53 3.21896876151
0.54 3.18272953865
0.55 3.1471022976
0.56 3.11207842036
0.57 3.07764942094
0.58 3.04380693729
0.59 3.01054272398
0.6 2.97784864563
0.61 2.94571667089
0.62 2.91413886714
0.63 2.88310739563
0.64 2.8526145073
0.65 2.82265253894
0.66 2.79321390989
0.67 2.76429111912
0.68 2.73587674268
0.69 2.70796343147
0.7 2.68054390942
0.71 2.65361097177
0.72 2.62715748383
0.73 2.60117637972
0.74 2.57566066153
0.75 2.55060339854
0.76 2.5259977266
0.77 2.50183684772
0.78 2.47811402971
0.79 2.45482260595
0.8 2.43195597529
0.81 2.40950760197
0.82 2.38747101564
0.83 2.3658398114
0.84 2.34460764995
0.85 2.32376825772
0.86 2.30331542701
0.87 2.28324301622
0.88 2.26354495002
0.89 2.2442152196
0.9 2.2252478828
0.91 2.20663706441
0.92 2.18837695628
0.93 2.17046181757
0.94 2.15288597486
0.95 2.13564382235
0.96 2.11872982196
0.97 2.10213850346
0.98 2.08586446451
0.99 2.06990237079
