# Compound Indole-3-acetyl-beta-1-D-glucose

0.0 1.78797084139
0.01 1.86425922416
0.02 1.94961745881
0.03 1.99983406451
0.04 2.04103645498
0.05 2.07836203449
0.06 2.11342003882
0.07 2.14669642248
0.08 2.17825597057
0.09 2.20828817169
0.1 2.23658164704
0.11 2.26462456934
0.12 2.29061634858
0.13 2.31005200479
0.14 2.32521187408
0.15 2.33750358718
0.16 2.34778394917
0.17 2.35658094295
0.18 2.36422986867
0.19 2.37095316382
0.2 2.37690632698
0.21 2.3822041489
0.22 2.38693569969
0.23 2.39117296106
0.24 2.39497588964
0.25 2.39839548129
0.26 2.40147571265
0.27 2.40425484526
0.28 2.40676635882
0.29 2.40903966008
0.3 2.41110064776
0.31 2.41297217869
0.32 2.41467446101
0.33 2.41622539044
0.34 2.41764083987
0.35 2.4189349099
0.36 2.42012014592
0.37 2.42120772642
0.38 2.4222076266
0.39 2.42312876041
0.4 2.42397910428
0.41 2.42476580472
0.42 2.42549527228
0.43 2.42617326359
0.44 2.42680495319
0.45 2.4273949965
0.46 2.42794758524
0.47 2.42846649611
0.48 2.42895513391
0.49 2.42941656962
0.5 2.42985357413
0.51 2.43026864829
0.52 2.43066404963
0.53 2.43104181617
0.54 2.4314037878
0.55 2.43175162533
0.56 2.43208682766
0.57 2.43241074715
0.58 2.43272460354
0.59 2.4330294964
0.6 2.43332641645
0.61 2.43361625578
0.62 2.43389981705
0.63 2.4341778219
0.64 2.43445091852
0.65 2.43471968854
0.66 2.43498465332
0.67 2.4352462796
0.68 2.43550498469
0.69 2.43576114123
0.7 2.4360150814
0.71 2.43626710087
0.72 2.43651746236
0.73 2.43676639887
0.74 2.43701411663
0.75 2.43726079781
0.76 2.43750660292
0.77 2.4377516731
0.78 2.43799613209
0.79 2.43824008814
0.8 2.43848363563
0.81 2.43872685662
0.82 2.43896982224
0.83 2.43921259393
0.84 2.4394552246
0.85 2.43969775963
0.86 2.43994023783
0.87 2.44018269225
0.88 2.44042515097
0.89 2.44066763778
0.9 2.44091017275
0.91 2.44115277284
0.92 2.44139545234
0.93 2.44163822333
0.94 2.4418810961
0.95 2.44212407942
0.96 2.44236718091
0.97 2.44261040731
0.98 2.44285376466
0.99 2.44309725856
