# Compound {(1,3)-beta-D-glucosyl}(N)

0.0 0.0582822740011
0.01 0.238594340231
0.02 0.417321693497
0.03 0.568673458065
0.04 0.693344418571
0.05 0.787166079986
0.06 0.844419781711
0.07 0.875242035879
0.08 0.849819459253
0.09 0.786906109393
0.1 0.633552380227
0.11 1.11010163143
0.12 1.19201738351
0.13 1.24174705782
0.14 1.2749180237
0.15 1.29909102676
0.16 1.31847838238
0.17 1.33545995584
0.18 1.3513128766
0.19 1.36665895898
0.2 1.38175206003
0.21 1.39665616852
0.22 1.41134932361
0.23 1.42577997735
0.24 1.43989476054
0.25 1.45365015591
0.26 1.46701577942
0.27 1.4799737256
0.28 1.49251639518
0.29 1.50464401789
0.3 1.51636241022
0.31 1.52768115403
0.32 1.53861221172
0.33 1.54916892161
0.34 1.5593652966
0.35 1.56921555134
0.36 1.57873379473
0.37 1.58793383821
0.38 1.59682908277
0.39 1.60543245806
0.4 1.61375639498
0.41 1.621812819
0.42 1.62961315584
0.43 1.63716834404
0.44 1.6444888511
0.45 1.65158469099
0.46 1.65846544206
0.47 1.66514026456
0.48 1.67161791748
0.49 1.67790677481
0.5 1.68401484095
0.51 1.68994976554
0.52 1.69571885767
0.53 1.70132909954
0.54 1.70678715973
0.55 1.71209940592
0.56 1.71727191734
0.57 1.72231049679
0.58 1.72722068232
0.59 1.73200775853
0.6 1.73667676757
0.61 1.74123251979
0.62 1.74567960398
0.63 1.75002239733
0.64 1.75426507503
0.65 1.75841161946
0.66 1.76246582913
0.67 1.76643132716
0.68 1.77031156951
0.69 1.77410985285
0.7 1.77782932205
0.71 1.78147297737
0.72 1.78504368142
0.73 1.78854416566
0.74 1.7919770367
0.75 1.79534478231
0.76 1.79864977712
0.77 1.80189428808
0.78 1.80508047961
0.79 1.80821041858
0.8 1.81128607901
0.81 1.81430934652
0.82 1.81728202262
0.83 1.82020582876
0.84 1.82308241016
0.85 1.82591333951
0.86 1.82870012045
0.87 1.83144419087
0.88 1.83414692608
0.89 1.83680964178
0.9 1.83943359698
0.91 1.8420199966
0.92 1.84456999417
0.93 1.84708469416
0.94 1.84956515441
0.95 1.85201238827
0.96 1.85442736673
0.97 1.85681102044
0.98 1.85916424158
0.99 1.8614878857
