# Compound Melibiose

0.0 7.14802805262
0.01 6.68915518987
0.02 6.86589315479
0.03 6.93770465602
0.04 6.95791664479
0.05 6.95677779766
0.06 6.94629605932
0.07 6.93179167097
0.08 6.91571487578
0.09 6.8993977861
0.1 6.8835404618
0.11 6.86972252823
0.12 6.85432249988
0.13 6.84348946539
0.14 6.83706548928
0.15 6.83408804369
0.16 6.83363848792
0.17 6.83504231081
0.18 6.83785252787
0.19 6.8417839572
0.2 6.84665314539
0.21 6.85233597129
0.22 6.85874119954
0.23 6.86579530221
0.24 6.87343435844
0.25 6.88160006281
0.26 6.89023796034
0.27 6.89929679908
0.28 6.90872838508
0.29 6.91848761932
0.3 6.92853256285
0.31 6.93882446579
0.32 6.94932774144
0.33 6.96000988721
0.34 6.97084136266
0.35 6.98179543658
0.36 6.99284801437
0.37 7.00397745491
0.38 7.01516438417
0.39 7.02639151072
0.4 7.03764344702
0.41 7.04890653892
0.42 7.0601687049
0.43 7.07141928588
0.44 7.08264890601
0.45 7.09384934439
0.46 7.1050134174
0.47 7.11613487121
0.48 7.12720828403
0.49 7.13822897726
0.5 7.14919293521
0.51 7.16009673245
0.52 7.1709374684
0.53 7.18171270837
0.54 7.19242043067
0.55 7.20305897905
0.56 7.21362702005
0.57 7.22412350494
0.58 7.23454763549
0.59 7.24489883353
0.6 7.25517671369
0.61 7.26538105909
0.62 7.27551179975
0.63 7.28556899325
0.64 7.29555280763
0.65 7.30546350615
0.66 7.31530143374
0.67 7.32506700506
0.68 7.33476069386
0.69 7.34438302358
0.7 7.35393455909
0.71 7.36341589933
0.72 7.37282767095
0.73 7.38217052258
0.74 7.39144511992
0.75 7.40065214138
0.76 7.40979227434
0.77 7.41886621181
0.78 7.42787464962
0.79 7.43681828394
0.8 7.4456978092
0.81 7.45451391625
0.82 7.46326729085
0.83 7.47195861237
0.84 7.48058855273
0.85 7.48915777549
0.86 7.49766693517
0.87 7.50611667662
0.88 7.5145076346
0.89 7.52284043345
0.9 7.53111568684
0.91 7.53933399763
0.92 7.54749595777
0.93 7.55560214832
0.94 7.56365313945
0.95 7.57164949053
0.96 7.57959175031
0.97 7.58748045699
0.98 7.59531613849
0.99 7.6030993126
