# Compound dTDP-glucose

0.0 4.34646483504
0.01 4.25306514659
0.02 4.18536125834
0.03 4.13226009739
0.04 4.08763891914
0.05 4.04934063371
0.06 4.01635765375
0.07 3.98805645185
0.08 3.964303675
0.09 3.94496698161
0.1 3.93018312409
0.11 3.91783839884
0.12 3.90104162481
0.13 3.89393558133
0.14 3.8923734474
0.15 3.89400690125
0.16 3.89751216466
0.17 3.90213200793
0.18 3.90742263877
0.19 3.91311636921
0.2 3.91904681509
0.21 3.92510749616
0.22 3.93122838302
0.23 3.93736224581
0.24 3.94347648121
0.25 3.94954808528
0.26 3.95556048513
0.27 3.96150149978
0.28 3.96736200444
0.29 3.9731350426
0.3 3.97881522807
0.31 3.9843983377
0.32 3.98988103057
0.33 3.99526065183
0.34 4.0005350938
0.35 4.00570269573
0.36 4.01076217005
0.37 4.01571254679
0.38 4.02055313061
0.39 4.02528346666
0.4 4.02990331272
0.41 4.03441261586
0.42 4.03881149254
0.43 4.04310021118
0.44 4.0472791768
0.45 4.05134891724
0.46 4.05531007072
0.47 4.05916337456
0.48 4.06290965488
0.49 4.06654981716
0.5 4.07008483763
0.51 4.07351575534
0.52 4.07684366491
0.53 4.08006970989
0.54 4.08319507663
0.55 4.08622098874
0.56 4.08914870192
0.57 4.09197949935
0.58 4.09471468737
0.59 4.09735559162
0.6 4.09990355346
0.61 4.10235992677
0.62 4.10472607497
0.63 4.10700336837
0.64 4.10919318174
0.65 4.1112968921
0.66 4.11331587675
0.67 4.11525151147
0.68 4.11710516886
0.69 4.11887821691
0.7 4.12057201767
0.71 4.12218792605
0.72 4.12372728879
0.73 4.12519144345
0.74 4.12658171763
0.75 4.12789942815
0.76 4.1291458804
0.77 4.13032236774
0.78 4.13143017097
0.79 4.13247055785
0.8 4.13344478273
0.81 4.13435408612
0.82 4.13519969447
0.83 4.13598281982
0.84 4.13670465965
0.85 4.1373663966
0.86 4.13796919841
0.87 4.1385142177
0.88 4.13900259192
0.89 4.13943544325
0.9 4.13981387855
0.91 4.14013898931
0.92 4.14041185164
0.93 4.14063352628
0.94 4.14080505857
0.95 4.14092747853
0.96 4.14100180086
0.97 4.14102902499
0.98 4.14101013516
0.99 4.14094610051
