# Compound cis-p-coumarate

0.0 4.02939779176
0.01 3.49668772161
0.02 3.28659180218
0.03 3.0543243175
0.04 2.80055315263
0.05 2.52471061704
0.06 2.22516086848
0.07 1.92965833518
0.08 1.60401388448
0.09 1.28421153104
0.1 0.934086555349
0.11 0.94381466065
0.12 0.930685739859
0.13 0.902188438738
0.14 0.874375217986
0.15 0.851671189747
0.16 0.834541552036
0.17 0.822225929819
0.18 0.813719431842
0.19 0.808103696604
0.2 0.804634289314
0.21 0.802740169747
0.22 0.801995821058
0.23 0.802089116603
0.24 0.802792924229
0.25 0.803942444495
0.26 0.805418029598
0.27 0.807132531158
0.28 0.809022142695
0.29 0.811039838301
0.3 0.813150696522
0.31 0.815328574112
0.32 0.81755373825
0.33 0.819811176218
0.34 0.82208938308
0.35 0.824379486802
0.36 0.82667461212
0.37 0.828969413934
0.38 0.831259731718
0.39 0.833542330843
0.4 0.835814706799
0.41 0.838074935315
0.42 0.840321556318
0.43 0.842553483089
0.44 0.844769930381
0.45 0.846970357019
0.46 0.849154419637
0.47 0.851321935134
0.48 0.853472850001
0.49 0.85560721513
0.5 0.857725165054
0.51 0.859826900772
0.52 0.861912675532
0.53 0.863982783032
0.54 0.86603754764
0.55 0.868077316293
0.56 0.870102451787
0.57 0.87211332725
0.58 0.874110321587
0.59 0.876093815756
0.6 0.878064189739
0.61 0.880021820087
0.62 0.88196707796
0.63 0.883900327574
0.64 0.88582192499
0.65 0.88773221719
0.66 0.889631541397
0.67 0.891520224582
0.68 0.893398583151
0.69 0.895266922755
0.7 0.897125538221
0.71 0.898974713566
0.72 0.900814722096
0.73 0.902645826553
0.74 0.904468279317
0.75 0.906282322645
0.76 0.90808818893
0.77 0.909886100994
0.78 0.911676272385
0.79 0.913458907693
0.8 0.915234202863
0.81 0.917002345519
0.82 0.918763515284
0.83 0.920517884096
0.84 0.922265616525
0.85 0.924006870078
0.86 0.925741795501
0.87 0.927470537072
0.88 0.929193232886
0.89 0.930910015133
0.9 0.932621010358
0.91 0.934326339726
0.92 0.936026119263
0.93 0.937720460097
0.94 0.939409468686
0.95 0.941093247033
0.96 0.942771892901
0.97 0.944445500008
0.98 0.946114158222
0.99 0.947777953742
