# Compound 6-(D-glucose-1-phospho)-D-mannosylglycoprotein

0.0 8.55586387538
0.01 7.7975352049
0.02 7.74129484346
0.03 7.56134086091
0.04 7.3578319307
0.05 7.15535536543
0.06 6.96124371532
0.07 6.77733383933
0.08 6.60353839764
0.09 6.43930241376
0.1 6.28392945762
0.11 6.13765558118
0.12 5.99649856078
0.13 5.86598545843
0.14 5.74568681244
0.15 5.6343718467
0.16 5.53081809767
0.17 5.43402253167
0.18 5.34320605862
0.19 5.25776494942
0.2 5.17722095002
0.21 5.10118317414
0.22 5.02932199696
0.23 4.96135198213
0.24 4.8970208606
0.25 4.83610233935
0.26 4.77839126953
0.27 4.72370025943
0.28 4.67185718274
0.29 4.62270325811
0.3 4.57609150933
0.31 4.53188549252
0.32 4.48995822113
0.33 4.450191244
0.34 4.41247384664
0.35 4.37670235402
0.36 4.34277951855
0.37 4.3106139803
0.38 4.28011978894
0.39 4.25121597867
0.4 4.22382618881
0.41 4.19787832381
0.42 4.17330424755
0.43 4.15003950738
0.44 4.12802308414
0.45 4.10719716499
0.46 4.08750693625
0.47 4.06890039391
0.48 4.05132816982
0.49 4.03474337184
0.5 4.01910143638
0.51 4.00435999216
0.52 3.99047873398
0.53 3.97741930557
0.54 3.96514519064
0.55 3.9536216114
0.56 3.94281543386
0.57 3.93269507943
0.58 3.92323044207
0.59 3.91439281082
0.6 3.90615479708
0.61 3.8984902663
0.62 3.89137427391
0.63 3.88478300488
0.64 3.87869371697
0.65 3.87308468721
0.66 3.86793516138
0.67 3.86322530641
0.68 3.85893616544
0.69 3.8550496153
0.7 3.85154832638
0.71 3.84841572464
0.72 3.84563595568
0.73 3.84319385068
0.74 3.8410748942
0.75 3.8392651936
0.76 3.83775145014
0.77 3.83652093144
0.78 3.83556144549
0.79 3.83486131587
0.8 3.83440935828
0.81 3.83419485827
0.82 3.83420754998
0.83 3.83443759608
0.84 3.83487556856
0.85 3.83551243055
0.86 3.83633951899
0.87 3.83734852816
0.88 3.83853149397
0.89 3.83988077906
0.9 3.84138905854
0.91 3.84304930648
0.92 3.84485478296
0.93 3.84679902182
0.94 3.8488758189
0.95 3.85107922087
0.96 3.85340351458
0.97 3.85584321687
0.98 3.85839306488
0.99 3.86104800682
