# Compound NADP(+)

0.0 9.40716251928
0.01 9.29797589757
0.02 9.16124101411
0.03 9.15031169447
0.04 9.15967171991
0.05 9.17061722319
0.06 9.1784782658
0.07 9.1827832144
0.08 9.18447578157
0.09 9.18341328103
0.1 9.18091698861
0.11 9.11303358193
0.12 9.12681540629
0.13 9.15649759671
0.14 9.19213046173
0.15 9.22857466846
0.16 9.26335214916
0.17 9.29540003178
0.18 9.32438371915
0.19 9.35032746147
0.2 9.37341941074
0.21 9.39391108081
0.22 9.41206726434
0.23 9.4281425124
0.24 9.44237129525
0.25 9.45496497973
0.26 9.46611202625
0.27 9.47597956559
0.28 9.48471544746
0.29 9.49245033676
0.3 9.49929967776
0.31 9.50536546509
0.32 9.51073781398
0.33 9.51549634417
0.34 9.51971139865
0.35 9.52344511825
0.36 9.52675239125
0.37 9.52968169385
0.38 9.53227583515
0.39 9.53457261798
0.4 9.53660542498
0.41 9.53840373835
0.42 9.53999360052
0.43 9.54139802182
0.44 9.54263734123
0.45 9.54372954489
0.46 9.54469054737
0.47 9.54553443944
0.48 9.54627370637
0.49 9.54691941996
0.5 9.54748140739
0.51 9.54796839953
0.52 9.54838816117
0.53 9.54874760537
0.54 9.54905289368
0.55 9.5493095242
0.56 9.54952240869
0.57 9.54969594034
0.58 9.5498340531
0.59 9.54994027387
0.6 9.55001776827
0.61 9.55006938082
0.62 9.55009767035
0.63 9.55010494106
0.64 9.55009326993
0.65 9.55006453084
0.66 9.55002041586
0.67 9.5499624541
0.68 9.54989202829
0.69 9.54981038955
0.7 9.54971867046
0.71 9.54961789663
0.72 9.54950899707
0.73 9.54939281336
0.74 9.54927010787
0.75 9.5491415711
0.76 9.54900782827
0.77 9.54886944522
0.78 9.54872693371
0.79 9.54858075618
0.8 9.54843133011
0.81 9.5482790319
0.82 9.54812420037
0.83 9.54796714004
0.84 9.54780812396
0.85 9.5476473964
0.86 9.5474851753
0.87 9.54732165443
0.88 9.54715700544
0.89 9.5469913797
0.9 9.54682491
0.91 9.54665771214
0.92 9.54648988631
0.93 9.54632151848
0.94 9.54615268157
0.95 9.54598343657
0.96 9.54581383363
0.97 9.54564391295
0.98 9.54547370573
0.99 9.54530323493
