# Compound cycasin

0.0 5.07114115982
0.01 5.40546054711
0.02 5.4337906452
0.03 5.47757545248
0.04 5.54116261111
0.05 5.63529974466
0.06 5.77870476106
0.07 5.93933965032
0.08 6.22371207177
0.09 6.58898974827
0.1 7.24839267663
0.11 3.11969025515
0.12 3.29255522764
0.13 3.47354433235
0.14 3.63322804171
0.15 3.76555437872
0.16 3.87179784798
0.17 3.95534680812
0.18 4.01992510558
0.19 4.06898541402
0.2 4.10552430462
0.21 4.13205615888
0.22 4.15064790549
0.23 4.16297517657
0.24 4.17038285883
0.25 4.17394243731
0.26 4.17450292489
0.27 4.17273437666
0.28 4.16916411392
0.29 4.16420632624
0.3 4.15818593637
0.31 4.15135764823
0.32 4.14392103828
0.33 4.136032449
0.34 4.1278143273
0.35 4.11936253951
0.36 4.11075209357
0.37 4.10204161334
0.38 4.09327683772
0.39 4.08449335944
0.4 4.07571877115
0.41 4.06697434981
0.42 4.05827638098
0.43 4.04963720209
0.44 4.04106602596
0.45 4.03256959226
0.46 4.02415268389
0.47 4.01581853714
0.48 4.00756916806
0.49 3.99940563264
0.5 3.99132823454
0.51 3.98333669106
0.52 3.97543026607
0.53 3.96760787632
0.54 3.95986817665
0.55 3.95220962823
0.56 3.94463055304
0.57 3.93712917759
0.58 3.92970366756
0.59 3.9223521555
0.6 3.91507276264
0.61 3.90786361606
0.62 3.90072286218
0.63 3.89364867702
0.64 3.88663927416
0.65 3.87969291061
0.66 3.87280789105
0.67 3.86598257085
0.68 3.85921535793
0.69 3.85250471389
0.7 3.8458491544
0.71 3.83924724905
0.72 3.83269762082
0.73 3.82619894523
0.74 3.81974994916
0.75 3.81334940958
0.76 3.80699615206
0.77 3.80068904925
0.78 3.79442701921
0.79 3.78820902379
0.8 3.78203406695
0.81 3.77590119304
0.82 3.7698094852
0.83 3.76375806365
0.84 3.75774608417
0.85 3.75177273644
0.86 3.74583724261
0.87 3.73993885576
0.88 3.73407685851
0.89 3.72825056166
0.9 3.72245930286
0.91 3.71670244534
0.92 3.71097937672
0.93 3.70528950785
0.94 3.6996322717
0.95 3.69400712229
0.96 3.68841353375
0.97 3.68285099925
0.98 3.67731903022
0.99 3.67181715535
