# Compound dTDP-4-amino-4,6-dideoxy-D-glucose

0.0 8.23348144206
0.01 8.16413860512
0.02 8.10297628078
0.03 8.04757082212
0.04 7.99692205123
0.05 7.95035353735
0.06 7.9073336951
0.07 7.86742721693
0.08 7.83026999479
0.09 7.79555250322
0.1 7.76301081697
0.11 7.73241039081
0.12 7.70355713472
0.13 7.67628647621
0.14 7.65048027206
0.15 7.62603481241
0.16 7.60285462417
0.17 7.5808509873
0.18 7.55994179622
0.19 7.54005156862
0.2 7.52111128164
0.21 7.50305802312
0.22 7.48583452518
0.23 7.46938864881
0.24 7.45367286754
0.25 7.43864377907
0.26 7.42426165863
0.27 7.41049005886
0.28 7.39729545555
0.29 7.3846469361
0.3 7.37251592637
0.31 7.36087595126
0.32 7.34970242499
0.33 7.33897246684
0.34 7.32866473918
0.35 7.31875930469
0.36 7.30923750022
0.37 7.30008182507
0.38 7.29127584181
0.39 7.28280408807
0.4 7.27465199778
0.41 7.2668058308
0.42 7.25925260977
0.43 7.2519800634
0.44 7.24497657532
0.45 7.23823113793
0.46 7.23173331052
0.47 7.22547318132
0.48 7.21944133289
0.49 7.21362881059
0.5 7.20802709363
0.51 7.20262806867
0.52 7.19742400538
0.53 7.19240753405
0.54 7.18757162484
0.55 7.18290956858
0.56 7.17841495902
0.57 7.17408167624
0.58 7.16990387128
0.59 7.16587595177
0.6 7.16199256854
0.61 7.15824860302
0.62 7.15463915551
0.63 7.15115953413
0.64 7.14780524446
0.65 7.14457197978
0.66 7.14145561187
0.67 7.13845218237
0.68 7.13555789461
0.69 7.13276910589
0.7 7.13008232018
0.71 7.12749418123
0.72 7.12500146607
0.73 7.1226010788
0.74 7.12029004472
0.75 7.11806550484
0.76 7.11592471055
0.77 7.11386501867
0.78 7.11188388668
0.79 7.10997886821
0.8 7.10814760881
0.81 7.10638784181
0.82 7.10469738452
0.83 7.10307413451
0.84 7.10151606615
0.85 7.10002122724
0.86 7.09858773588
0.87 7.09721377745
0.88 7.09589760172
0.89 7.09463752013
0.9 7.09343190322
0.91 7.0922791781
0.92 7.0911778261
0.93 7.09012638054
0.94 7.08912342458
0.95 7.08816758915
0.96 7.08725755102
0.97 7.08639203094
0.98 7.08556979185
0.99 7.08478963721
