# Compound UDP

0.0 3.54542957235
0.01 23.6499571065
0.02 27.6310154911
0.03 32.344222773
0.04 37.9489969276
0.05 44.798345154
0.06 51.0455077134
0.07 60.8411096211
0.08 70.2903185936
0.09 83.0021697365
0.1 79.0418791557
0.11 39.6397652449
0.12 36.5154822326
0.13 34.5376526983
0.14 33.0524459107
0.15 31.845993945
0.16 30.8397706848
0.17 29.9970100674
0.18 29.2937669155
0.19 28.7104024164
0.2 28.2293908817
0.21 27.8349302057
0.22 27.5129562588
0.23 27.2511672278
0.24 27.0389764163
0.25 26.867399997
0.26 26.7289041157
0.27 26.617233745
0.28 26.5272394951
0.29 26.4547127536
0.3 26.3962350436
0.31 26.349044357
0.32 26.3109191417
0.33 26.2800793416
0.34 26.2551031511
0.35 26.2348577899
0.36 26.2184424903
0.37 26.2051419257
0.38 26.1943884367
0.39 26.1857315795
0.4 26.1788137085
0.41 26.1733504878
0.42 26.1691154012
0.43 26.1659274821
0.44 26.1636416261
0.45 26.1621409602
0.46 26.1613308465
0.47 26.1611341778
0.48 26.1614876921
0.49 26.1623390865
0.5 26.1636447592
0.51 26.1653680425
0.52 26.1674778186
0.53 26.1699474343
0.54 26.1727538494
0.55 26.1758769654
0.56 26.1792990966
0.57 26.1830045504
0.58 26.1869792939
0.59 26.1912106879
0.6 26.1956872724
0.61 26.2003985941
0.62 26.2053350661
0.63 26.2104878532
0.64 26.2158487772
0.65 26.2214102385
0.66 26.2271651509
0.67 26.2331068867
0.68 26.23922923
0.69 26.2455263366
0.7 26.2519927008
0.71 26.2586231251
0.72 26.2654126952
0.73 26.272356757
0.74 26.2794508976
0.75 26.2866909269
0.76 26.2940728631
0.77 26.3015929179
0.78 26.3092474846
0.79 26.3170331263
0.8 26.324946566
0.81 26.3329846772
0.82 26.341144475
0.83 26.3494231085
0.84 26.3578178537
0.85 26.3663261061
0.86 26.374945375
0.87 26.3836732775
0.88 26.3925075327
0.89 26.4014459571
0.9 26.4104864591
0.91 26.4196270351
0.92 26.4288657647
0.93 26.4382008065
0.94 26.4476303948
0.95 26.4571528353
0.96 26.4667665021
0.97 26.4764698337
0.98 26.4862613306
0.99 26.4961395514
